3 33063 33064 33065 64648 
3 33063 33065 33066 64649 
3 33063 33066 33067 64650 
3 33063 33067 33068 64651 
3 33063 33068 33069 64652 
3 33063 33069 33070 64653 
3 33065 33071 33072 64654 
3 33065 33072 33073 64655 
3 33065 33074 33075 64656 
3 33065 33075 33066 64657 
3 33070 33076 33077 64658 
3 33070 33077 33063 64659 
3 33070 33069 33078 64660 
3 33070 33078 33076 64661 
3 33079 33080 33077 64662 
3 33079 33077 33081 64663 
3 33079 33082 33083 64664 
3 33079 33083 33080 64665 
3 33079 33081 33084 64666 
3 33079 33084 33085 64667 
3 33086 33087 33083 64668 
3 33086 33083 33085 64669 
3 33086 33085 33084 64670 
3 33086 33084 33088 64671 
3 33089 33090 33091 64672 
3 33089 33091 33092 64673 
3 33093 33094 33095 64674 
3 33093 33095 33096 64675 
3 33095 33097 33098 64676 
3 33095 33098 33096 64677 
3 33095 33094 33099 64678 
3 33095 33099 33100 64679 
3 33101 33102 33103 64680 
3 33101 33103 33104 64681 
3 33101 33104 33105 64682 
3 33101 33105 33106 64683 
3 33107 33105 33104 64684 
3 33107 33104 33108 64685 
3 33107 33109 33110 64686 
3 33107 33110 33105 64687 
3 33110 33109 33111 64688 
3 33110 33111 33112 64689 
3 33110 33112 33113 64690 
3 33110 33113 33114 64691 
3 33110 33114 33106 64692 
3 33110 33106 33105 64693 
3 33114 33113 33115 64694 
3 33114 33115 33116 64695 
3 33114 33116 33117 64696 
3 33114 33117 33106 64697 
3 33117 33116 33118 64698 
3 33117 33118 33119 64699 
3 33117 33119 33098 64700 
3 33117 33098 33102 64701 
3 33117 33102 33101 64702 
3 33117 33101 33106 64703 
3 33119 33118 33120 64704 
3 33119 33120 33121 64705 
3 33119 33121 33096 64706 
3 33119 33096 33098 64707 
3 33121 33120 33122 64708 
3 33121 33122 33123 64709 
3 33121 33123 33093 64710 
3 33121 33093 33096 64711 
3 33123 33122 33124 64712 
3 33123 33124 33125 64713 
3 33123 33125 33094 64714 
3 33123 33094 33093 64715 
3 33125 33124 33126 64716 
3 33125 33126 33127 64717 
3 33125 33127 33099 64718 
3 33125 33099 33094 64719 
3 33127 33126 33128 64720 
3 33127 33128 33129 64721 
3 33127 33129 33130 64722 
3 33127 33130 33099 64723 
3 33130 33129 33131 64724 
3 33130 33131 33108 64725 
3 33130 33108 33104 64726 
3 33130 33104 33103 64727 
3 33130 33132 33100 64728 
3 33130 33100 33099 64729 
3 33131 33129 33128 64730 
3 33131 33128 33133 64731 
3 33131 33133 33111 64732 
3 33131 33111 33109 64733 
3 33131 33109 33107 64734 
3 33131 33107 33108 64735 
3 33133 33128 33134 64736 
3 33133 33134 33135 64737 
3 33133 33135 33136 64738 
3 33133 33136 33111 64739 
3 33136 33137 33138 64740 
3 33136 33138 33139 64741 
3 33136 33139 33140 64742 
3 33136 33140 33141 64743 
3 33136 33141 33112 64744 
3 33136 33112 33111 64745 
3 33141 33140 33142 64746 
3 33141 33142 33143 64747 
3 33141 33143 33113 64748 
3 33141 33113 33112 64749 
3 33143 33142 33144 64750 
3 33143 33144 33145 64751 
3 33143 33145 33115 64752 
3 33143 33115 33113 64753 
3 33145 33144 33146 64754 
3 33145 33146 33147 64755 
3 33145 33147 33148 64756 
3 33145 33148 33115 64757 
3 33148 33147 33149 64758 
3 33148 33149 33150 64759 
3 33148 33150 33120 64760 
3 33148 33120 33118 64761 
3 33148 33118 33116 64762 
3 33148 33116 33115 64763 
3 33150 33149 33151 64764 
3 33150 33151 33152 64765 
3 33150 33152 33122 64766 
3 33150 33122 33120 64767 
3 33152 33151 33153 64768 
3 33152 33153 33154 64769 
3 33152 33154 33124 64770 
3 33152 33124 33122 64771 
3 33154 33153 33155 64772 
3 33154 33155 33156 64773 
3 33154 33156 33126 64774 
3 33154 33126 33124 64775 
3 33156 33155 33157 64776 
3 33156 33157 33134 64777 
3 33156 33134 33128 64778 
3 33156 33128 33126 64779 
3 33157 33155 33158 64780 
3 33157 33158 33159 64781 
3 33157 33159 33160 64782 
3 33157 33160 33138 64783 
3 33157 33138 33135 64784 
3 33157 33135 33134 64785 
3 33160 33159 33161 64786 
3 33160 33161 33162 64787 
3 33160 33163 33164 64788 
3 33160 33164 33165 64789 
3 33160 33165 33139 64790 
3 33160 33139 33138 64791 
3 33165 33164 33166 64792 
3 33165 33166 33167 64793 
3 33165 33167 33140 64794 
3 33165 33140 33139 64795 
3 33167 33166 33168 64796 
3 33167 33168 33169 64797 
3 33167 33169 33142 64798 
3 33167 33142 33140 64799 
3 33169 33168 33076 64800 
3 33169 33076 33078 64801 
3 33169 33078 33144 64802 
3 33169 33144 33142 64803 
3 33168 33166 33084 64804 
3 33168 33084 33081 64805 
3 33168 33081 33077 64806 
3 33168 33077 33076 64807 
3 33166 33164 33088 64808 
3 33166 33088 33084 64809 
3 33164 33162 33170 64810 
3 33164 33170 33088 64811 
3 33170 33091 33090 64812 
3 33170 33090 33087 64813 
3 33170 33087 33086 64814 
3 33170 33086 33088 64815 
3 33170 33163 33161 64816 
3 33170 33161 33091 64817 
3 33161 33171 33092 64818 
3 33161 33092 33091 64819 
3 33161 33172 33158 64820 
3 33161 33158 33171 64821 
3 33171 33173 33075 64822 
3 33171 33075 33092 64823 
3 33171 33174 33175 64824 
3 33171 33175 33173 64825 
3 33175 33176 33067 64826 
3 33175 33067 33173 64827 
3 33175 33174 33155 64828 
3 33175 33155 33153 64829 
3 33175 33153 33151 64830 
3 33175 33151 33176 64831 
3 33176 33177 33068 64832 
3 33176 33068 33067 64833 
3 33176 33151 33149 64834 
3 33176 33149 33177 64835 
3 33177 33146 33069 64836 
3 33177 33069 33068 64837 
3 33177 33149 33147 64838 
3 33177 33147 33146 64839 
3 33173 33067 33066 64840 
3 33173 33066 33075 64841 
3 33146 33144 33078 64842 
3 33146 33078 33069 64843 
3 33103 33102 33098 64844 
3 33103 33098 33100 64845 
3 33092 33075 33073 64846 
3 33092 33073 33089 64847 
3 33090 33089 33073 64848 
3 33090 33073 33072 64849 
3 33090 33072 33083 64850 
3 33090 33083 33087 64851 
3 33083 33072 33071 64852 
3 33083 33071 33080 64853 
3 33080 33071 33063 64854 
3 33080 33063 33077 64855 
3 33178 33179 33180 64856 
3 33178 33180 33181 64857 
3 33179 33178 33182 64858 
3 33179 33182 33183 64859 
3 33179 33183 33184 64860 
3 33179 33184 33180 64861 
3 33185 33186 33187 64862 
3 33185 33187 33188 64863 
3 33185 33189 33190 64864 
3 33185 33190 33186 64865 
3 33185 33188 33191 64866 
3 33185 33191 33189 64867 
3 33187 33186 33192 64868 
3 33187 33192 33193 64869 
3 33187 33193 33194 64870 
3 33187 33194 33188 64871 
3 33195 33196 33197 64872 
3 33195 33197 33198 64873 
3 33195 33198 33199 64874 
3 33195 33199 33200 64875 
3 33195 33201 33202 64876 
3 33195 33202 33196 64877 
3 33198 33197 33203 64878 
3 33198 33203 33199 64879 
3 33197 33196 33204 64880 
3 33197 33204 33203 64881 
3 33205 33202 33201 64882 
3 33205 33201 33206 64883 
3 33205 33207 33208 64884 
3 33205 33208 33202 64885 
3 33208 33204 33196 64886 
3 33208 33196 33202 64887 
3 33208 33207 33203 64888 
3 33208 33203 33204 64889 
3 33199 33203 33207 64890 
3 33199 33207 33200 64891 
3 33209 33210 33206 64892 
3 33209 33206 33201 64893 
3 33209 33211 33212 64894 
3 33209 33212 33210 64895 
3 33209 33213 33214 64896 
3 33209 33214 33211 64897 
3 33215 33211 33214 64898 
3 33215 33214 33216 64899 
3 33207 33205 33206 64900 
3 33207 33206 33217 64901 
3 33207 33217 33218 64902 
3 33207 33218 33200 64903 
3 33219 33220 33221 64904 
3 33219 33221 33222 64905 
3 33219 33223 33224 64906 
3 33219 33224 33225 64907 
3 33219 33225 33226 64908 
3 33219 33226 33227 64909 
3 33228 33229 33230 64910 
3 33228 33230 33231 64911 
3 33228 33232 33233 64912 
3 33228 33233 33229 64913 
3 33228 33231 33224 64914 
3 33228 33224 33223 64915 
3 33233 33232 33219 64916 
3 33233 33219 33212 64917 
3 33233 33212 33211 64918 
3 33233 33211 33215 64919 
3 33233 33215 33216 64920 
3 33233 33216 33229 64921 
3 33231 33230 33234 64922 
3 33231 33234 33235 64923 
3 33231 33235 33236 64924 
3 33231 33236 33224 64925 
3 33236 33237 33225 64926 
3 33236 33225 33224 64927 
3 33236 33235 33238 64928 
3 33236 33238 33239 64929 
3 33236 33239 33240 64930 
3 33236 33240 33237 64931 
3 33240 33241 33242 64932 
3 33240 33242 33237 64933 
3 33240 33239 33243 64934 
3 33240 33243 33244 64935 
3 33240 33244 33245 64936 
3 33240 33245 33246 64937 
3 33245 33247 33248 64938 
3 33245 33248 33246 64939 
3 33245 33244 33249 64940 
3 33245 33249 33250 64941 
3 33245 33250 33251 64942 
3 33245 33251 33247 64943 
3 33251 33252 33253 64944 
3 33251 33253 33247 64945 
3 33251 33250 33254 64946 
3 33251 33254 33255 64947 
3 33251 33255 33256 64948 
3 33251 33256 33252 64949 
3 33256 33257 33258 64950 
3 33256 33258 33252 64951 
3 33256 33255 33259 64952 
3 33256 33259 33260 64953 
3 33256 33260 33261 64954 
3 33256 33261 33257 64955 
3 33261 33262 33263 64956 
3 33261 33263 33257 64957 
3 33261 33260 33264 64958 
3 33261 33264 33265 64959 
3 33261 33265 33266 64960 
3 33261 33266 33267 64961 
3 33266 33268 33269 64962 
3 33266 33269 33267 64963 
3 33266 33265 33270 64964 
3 33266 33270 33271 64965 
3 33266 33271 33272 64966 
3 33266 33272 33268 64967 
3 33272 33273 33274 64968 
3 33272 33274 33268 64969 
3 33272 33271 33275 64970 
3 33272 33275 33276 64971 
3 33272 33277 33278 64972 
3 33272 33278 33273 64973 
3 33278 33279 33280 64974 
3 33278 33280 33273 64975 
3 33278 33277 33281 64976 
3 33278 33281 33282 64977 
3 33278 33282 33283 64978 
3 33278 33283 33279 64979 
3 33283 33284 33285 64980 
3 33283 33285 33279 64981 
3 33283 33282 33286 64982 
3 33283 33286 33287 64983 
3 33283 33287 33288 64984 
3 33283 33288 33284 64985 
3 33288 33289 33290 64986 
3 33288 33290 33284 64987 
3 33288 33287 33291 64988 
3 33288 33291 33292 64989 
3 33288 33292 33293 64990 
3 33288 33293 33289 64991 
3 33293 33294 33295 64992 
3 33293 33295 33289 64993 
3 33293 33292 33296 64994 
3 33293 33296 33297 64995 
3 33293 33298 33299 64996 
3 33293 33299 33294 64997 
3 33299 33300 33301 64998 
3 33299 33301 33294 64999 
3 33299 33298 33302 65000 
3 33299 33302 33303 65001 
3 33299 33303 33304 65002 
3 33299 33304 33300 65003 
3 33304 33305 33306 65004 
3 33304 33306 33300 65005 
3 33304 33303 33307 65006 
3 33304 33307 33308 65007 
3 33304 33309 33310 65008 
3 33304 33310 33311 65009 
3 33310 33312 33313 65010 
3 33310 33313 33311 65011 
3 33310 33309 33314 65012 
3 33310 33314 33315 65013 
3 33310 33315 33316 65014 
3 33310 33316 33312 65015 
3 33316 33317 33318 65016 
3 33316 33318 33312 65017 
3 33316 33315 33319 65018 
3 33316 33319 33320 65019 
3 33316 33321 33322 65020 
3 33316 33322 33317 65021 
3 33322 33323 33324 65022 
3 33322 33324 33317 65023 
3 33322 33321 33325 65024 
3 33322 33325 33326 65025 
3 33322 33326 33327 65026 
3 33322 33327 33323 65027 
3 33327 33328 33329 65028 
3 33327 33329 33323 65029 
3 33327 33326 33330 65030 
3 33327 33330 33331 65031 
3 33327 33331 33332 65032 
3 33327 33332 33333 65033 
3 33332 33334 33335 65034 
3 33332 33335 33333 65035 
3 33332 33331 33336 65036 
3 33332 33336 33337 65037 
3 33332 33337 33338 65038 
3 33332 33338 33334 65039 
3 33338 33339 33340 65040 
3 33338 33340 33334 65041 
3 33338 33337 33341 65042 
3 33338 33341 33342 65043 
3 33338 33342 33343 65044 
3 33338 33343 33339 65045 
3 33343 33344 33345 65046 
3 33343 33345 33339 65047 
3 33343 33342 33346 65048 
3 33343 33346 33347 65049 
3 33343 33347 33348 65050 
3 33343 33348 33344 65051 
3 33348 33349 33350 65052 
3 33348 33350 33344 65053 
3 33348 33347 33351 65054 
3 33348 33351 33352 65055 
3 33348 33353 33354 65056 
3 33348 33354 33355 65057 
3 33354 33356 33357 65058 
3 33354 33357 33355 65059 
3 33354 33353 33358 65060 
3 33354 33358 33359 65061 
3 33354 33359 33360 65062 
3 33354 33360 33356 65063 
3 33360 33361 33362 65064 
3 33360 33362 33356 65065 
3 33360 33359 33192 65066 
3 33360 33192 33363 65067 
3 33360 33364 33365 65068 
3 33360 33365 33361 65069 
3 33365 33181 33366 65070 
3 33365 33366 33361 65071 
3 33365 33364 33190 65072 
3 33365 33190 33182 65073 
3 33365 33182 33178 65074 
3 33365 33178 33181 65075 
3 33366 33367 33368 65076 
3 33366 33368 33369 65077 
3 33366 33369 33362 65078 
3 33366 33362 33361 65079 
3 33366 33181 33180 65080 
3 33366 33180 33367 65081 
3 33369 33368 33370 65082 
3 33369 33370 33371 65083 
3 33369 33371 33372 65084 
3 33369 33372 33362 65085 
3 33372 33371 33373 65086 
3 33372 33373 33374 65087 
3 33372 33375 33376 65088 
3 33372 33376 33357 65089 
3 33372 33357 33356 65090 
3 33372 33356 33362 65091 
3 33376 33375 33377 65092 
3 33376 33377 33378 65093 
3 33376 33378 33379 65094 
3 33376 33379 33350 65095 
3 33376 33350 33355 65096 
3 33376 33355 33357 65097 
3 33379 33378 33380 65098 
3 33379 33380 33381 65099 
3 33379 33381 33382 65100 
3 33379 33382 33345 65101 
3 33379 33345 33344 65102 
3 33379 33344 33350 65103 
3 33382 33381 33383 65104 
3 33382 33383 33384 65105 
3 33382 33384 33385 65106 
3 33382 33385 33340 65107 
3 33382 33340 33339 65108 
3 33382 33339 33345 65109 
3 33385 33384 33386 65110 
3 33385 33386 33387 65111 
3 33385 33388 33389 65112 
3 33385 33389 33335 65113 
3 33385 33335 33334 65114 
3 33385 33334 33340 65115 
3 33389 33388 33390 65116 
3 33389 33390 33391 65117 
3 33389 33391 33392 65118 
3 33389 33392 33329 65119 
3 33389 33329 33333 65120 
3 33389 33333 33335 65121 
3 33392 33391 33393 65122 
3 33392 33393 33394 65123 
3 33392 33394 33395 65124 
3 33392 33395 33324 65125 
3 33392 33324 33323 65126 
3 33392 33323 33329 65127 
3 33395 33394 33396 65128 
3 33395 33396 33397 65129 
3 33395 33397 33398 65130 
3 33395 33398 33318 65131 
3 33395 33318 33317 65132 
3 33395 33317 33324 65133 
3 33398 33397 33399 65134 
3 33398 33399 33400 65135 
3 33398 33400 33401 65136 
3 33398 33401 33313 65137 
3 33398 33313 33312 65138 
3 33398 33312 33318 65139 
3 33401 33400 33402 65140 
3 33401 33402 33403 65141 
3 33401 33403 33404 65142 
3 33401 33404 33306 65143 
3 33401 33306 33311 65144 
3 33401 33311 33313 65145 
3 33404 33403 33405 65146 
3 33404 33405 33406 65147 
3 33404 33406 33407 65148 
3 33404 33407 33301 65149 
3 33404 33301 33300 65150 
3 33404 33300 33306 65151 
3 33407 33406 33408 65152 
3 33407 33408 33409 65153 
3 33407 33409 33410 65154 
3 33407 33410 33295 65155 
3 33407 33295 33294 65156 
3 33407 33294 33301 65157 
3 33410 33409 33411 65158 
3 33410 33411 33412 65159 
3 33410 33412 33413 65160 
3 33410 33413 33290 65161 
3 33410 33290 33289 65162 
3 33410 33289 33295 65163 
3 33413 33412 33414 65164 
3 33413 33414 33415 65165 
3 33413 33415 33416 65166 
3 33413 33416 33285 65167 
3 33413 33285 33284 65168 
3 33413 33284 33290 65169 
3 33416 33415 33417 65170 
3 33416 33417 33418 65171 
3 33416 33418 33419 65172 
3 33416 33419 33280 65173 
3 33416 33280 33279 65174 
3 33416 33279 33285 65175 
3 33419 33418 33420 65176 
3 33419 33420 33421 65177 
3 33419 33421 33422 65178 
3 33419 33422 33274 65179 
3 33419 33274 33273 65180 
3 33419 33273 33280 65181 
3 33422 33421 33423 65182 
3 33422 33423 33424 65183 
3 33422 33425 33426 65184 
3 33422 33426 33269 65185 
3 33422 33269 33268 65186 
3 33422 33268 33274 65187 
3 33426 33425 33427 65188 
3 33426 33427 33428 65189 
3 33426 33428 33429 65190 
3 33426 33429 33263 65191 
3 33426 33263 33267 65192 
3 33426 33267 33269 65193 
3 33429 33428 33430 65194 
3 33429 33430 33431 65195 
3 33429 33431 33432 65196 
3 33429 33432 33258 65197 
3 33429 33258 33257 65198 
3 33429 33257 33263 65199 
3 33432 33431 33433 65200 
3 33432 33433 33434 65201 
3 33432 33434 33435 65202 
3 33432 33435 33253 65203 
3 33432 33253 33252 65204 
3 33432 33252 33258 65205 
3 33435 33434 33436 65206 
3 33435 33436 33437 65207 
3 33435 33438 33439 65208 
3 33435 33439 33248 65209 
3 33435 33248 33247 65210 
3 33435 33247 33253 65211 
3 33439 33438 33440 65212 
3 33439 33440 33441 65213 
3 33439 33441 33226 65214 
3 33439 33226 33242 65215 
3 33439 33242 33246 65216 
3 33439 33246 33248 65217 
3 33441 33440 33442 65218 
3 33441 33442 33443 65219 
3 33441 33444 33227 65220 
3 33441 33227 33226 65221 
3 33443 33442 33213 65222 
3 33443 33213 33445 65223 
3 33445 33213 33209 65226 
3 33445 33209 33447 65227 
3 33445 33447 33218 65228 
3 33445 33218 33221 65229 
3 33447 33209 33201 65230 
3 33447 33201 33195 65231 
3 33447 33195 33200 65232 
3 33447 33200 33218 65233 
3 33442 33448 33214 65234 
3 33442 33214 33213 65235 
3 33442 33440 33449 65236 
3 33442 33449 33448 65237 
3 33449 33450 33451 65238 
3 33449 33451 33448 65239 
3 33449 33440 33437 65240 
3 33449 33437 33436 65241 
3 33449 33436 33452 65242 
3 33449 33452 33450 65243 
3 33452 33453 33234 65244 
3 33452 33234 33450 65245 
3 33452 33436 33434 65246 
3 33452 33434 33433 65247 
3 33452 33454 33455 65248 
3 33452 33455 33453 65249 
3 33455 33456 33238 65250 
3 33455 33238 33453 65251 
3 33455 33454 33431 65252 
3 33455 33431 33430 65253 
3 33455 33430 33457 65254 
3 33455 33457 33456 65255 
3 33457 33458 33243 65256 
3 33457 33243 33456 65257 
3 33457 33430 33428 65258 
3 33457 33428 33427 65259 
3 33457 33459 33460 65260 
3 33457 33460 33458 65261 
3 33460 33461 33249 65262 
3 33460 33249 33458 65263 
3 33460 33459 33424 65264 
3 33460 33424 33423 65265 
3 33460 33423 33462 65266 
3 33460 33462 33461 65267 
3 33462 33463 33254 65268 
3 33462 33254 33461 65269 
3 33462 33423 33421 65270 
3 33462 33421 33420 65271 
3 33462 33420 33464 65272 
3 33462 33464 33463 65273 
3 33464 33465 33259 65274 
3 33464 33259 33463 65275 
3 33464 33420 33418 65276 
3 33464 33418 33417 65277 
3 33464 33417 33466 65278 
3 33464 33466 33465 65279 
3 33466 33467 33264 65280 
3 33466 33264 33465 65281 
3 33466 33417 33415 65282 
3 33466 33415 33414 65283 
3 33466 33414 33468 65284 
3 33466 33468 33467 65285 
3 33468 33469 33270 65286 
3 33468 33270 33467 65287 
3 33468 33414 33412 65288 
3 33468 33412 33411 65289 
3 33468 33411 33470 65290 
3 33468 33470 33469 65291 
3 33470 33471 33275 65292 
3 33470 33275 33469 65293 
3 33470 33411 33409 65294 
3 33470 33409 33408 65295 
3 33470 33472 33473 65296 
3 33470 33473 33474 65297 
3 33473 33475 33281 65298 
3 33473 33281 33474 65299 
3 33473 33472 33406 65300 
3 33473 33406 33405 65301 
3 33473 33405 33476 65302 
3 33473 33476 33475 65303 
3 33476 33477 33286 65304 
3 33476 33286 33475 65305 
3 33476 33405 33403 65306 
3 33476 33403 33402 65307 
3 33476 33402 33478 65308 
3 33476 33478 33477 65309 
3 33478 33479 33291 65310 
3 33478 33291 33477 65311 
3 33478 33402 33400 65312 
3 33478 33400 33399 65313 
3 33478 33399 33480 65314 
3 33478 33480 33479 65315 
3 33480 33481 33296 65316 
3 33480 33296 33479 65317 
3 33480 33399 33397 65318 
3 33480 33397 33396 65319 
3 33480 33396 33482 65320 
3 33480 33482 33481 65321 
3 33482 33483 33302 65322 
3 33482 33302 33481 65323 
3 33482 33396 33394 65324 
3 33482 33394 33393 65325 
3 33482 33393 33484 65326 
3 33482 33484 33483 65327 
3 33484 33485 33307 65328 
3 33484 33307 33483 65329 
3 33484 33393 33391 65330 
3 33484 33391 33390 65331 
3 33484 33390 33486 65332 
3 33484 33486 33485 65333 
3 33486 33487 33314 65334 
3 33486 33314 33485 65335 
3 33486 33390 33387 65336 
3 33486 33387 33386 65337 
3 33486 33386 33488 65338 
3 33486 33488 33487 65339 
3 33488 33489 33319 65340 
3 33488 33319 33487 65341 
3 33488 33386 33384 65342 
3 33488 33384 33383 65343 
3 33488 33383 33490 65344 
3 33488 33490 33489 65345 
3 33490 33491 33325 65346 
3 33490 33325 33489 65347 
3 33490 33383 33381 65348 
3 33490 33381 33380 65349 
3 33490 33380 33492 65350 
3 33490 33492 33491 65351 
3 33492 33493 33330 65352 
3 33492 33330 33491 65353 
3 33492 33380 33378 65354 
3 33492 33378 33377 65355 
3 33492 33377 33494 65356 
3 33492 33494 33495 65357 
3 33494 33496 33336 65358 
3 33494 33336 33495 65359 
3 33494 33377 33374 65360 
3 33494 33374 33373 65361 
3 33494 33373 33497 65362 
3 33494 33497 33496 65363 
3 33497 33498 33341 65364 
3 33497 33341 33496 65365 
3 33497 33373 33371 65366 
3 33497 33371 33370 65367 
3 33497 33370 33499 65368 
3 33497 33499 33500 65369 
3 33499 33501 33346 65370 
3 33499 33346 33500 65371 
3 33499 33370 33368 65372 
3 33499 33368 33502 65373 
3 33499 33502 33503 65374 
3 33499 33503 33501 65375 
3 33503 33504 33351 65376 
3 33503 33351 33501 65377 
3 33503 33502 33505 65378 
3 33503 33505 33506 65379 
3 33503 33506 33194 65380 
3 33503 33194 33507 65381 
3 33506 33505 33184 65382 
3 33506 33184 33191 65383 
3 33506 33508 33188 65384 
3 33506 33188 33194 65385 
3 33505 33502 33368 65386 
3 33505 33368 33367 65387 
3 33505 33367 33180 65388 
3 33505 33180 33184 65389 
3 33507 33358 33352 65390 
3 33507 33352 33351 65391 
3 33507 33194 33193 65392 
3 33507 33193 33358 65393 
3 33501 33351 33347 65394 
3 33501 33347 33346 65395 
3 33500 33346 33342 65396 
3 33500 33342 33341 65397 
3 33496 33341 33337 65398 
3 33496 33337 33336 65399 
3 33495 33336 33331 65400 
3 33495 33331 33330 65401 
3 33491 33330 33326 65402 
3 33491 33326 33325 65403 
3 33489 33325 33320 65404 
3 33489 33320 33319 65405 
3 33487 33319 33315 65406 
3 33487 33315 33314 65407 
3 33485 33509 33308 65408 
3 33485 33308 33307 65409 
3 33483 33307 33303 65410 
3 33483 33303 33302 65411 
3 33481 33302 33297 65412 
3 33481 33297 33296 65413 
3 33479 33296 33292 65414 
3 33479 33292 33291 65415 
3 33477 33291 33287 65416 
3 33477 33287 33286 65417 
3 33475 33286 33282 65418 
3 33475 33282 33281 65419 
3 33474 33281 33276 65420 
3 33474 33276 33275 65421 
3 33469 33275 33271 65422 
3 33469 33271 33270 65423 
3 33467 33270 33265 65424 
3 33467 33265 33264 65425 
3 33465 33264 33260 65426 
3 33465 33260 33259 65427 
3 33463 33259 33255 65428 
3 33463 33255 33254 65429 
3 33461 33254 33250 65430 
3 33461 33250 33249 65431 
3 33458 33249 33244 65432 
3 33458 33244 33243 65433 
3 33456 33243 33239 65434 
3 33456 33239 33238 65435 
3 33453 33238 33235 65436 
3 33453 33235 33234 65437 
3 33451 33230 33229 65438 
3 33451 33229 33216 65439 
3 33451 33216 33214 65440 
3 33451 33214 33448 65441 
3 33451 33450 33234 65442 
3 33451 33234 33230 65443 
3 33363 33192 33186 65444 
3 33363 33186 33190 65445 
3 33359 33358 33193 65446 
3 33359 33193 33192 65447 
3 33242 33226 33225 65448 
3 33242 33225 33237 65449 
3 33219 33222 33210 65450 
3 33219 33210 33212 65451 
3 33222 33221 33218 65452 
3 33222 33218 33217 65453 
3 33222 33217 33206 65454 
3 33222 33206 33210 65455 
3 33191 33184 33183 65456 
3 33191 33183 33189 65457 
3 33190 33189 33183 65458 
3 33190 33183 33182 65459 
3 38466 38467 38468 74712 
3 38466 38468 38469 74713 
3 38466 38470 38471 74714 
3 38466 38471 38472 74715 
3 38466 38473 38474 74716 
3 38466 38474 38470 74717 
3 38468 38475 38476 74718 
3 38468 38476 38469 74719 
3 38468 38467 38477 74720 
3 38468 38477 38475 74721 
3 38473 38466 38478 74722 
3 38473 38478 38479 74723 
3 38473 38479 38480 74724 
3 38473 38480 38474 74725 
3 38481 38482 38478 74726 
3 38481 38478 38483 74727 
3 38481 38483 38484 74728 
3 38481 38484 38485 74729 
3 38481 38485 38486 74730 
3 38481 38486 38482 74731 
3 38487 38485 38484 74732 
3 38487 38484 38488 74733 
3 38487 38489 38486 74734 
3 38487 38486 38485 74735 
3 38490 38491 38492 74736 
3 38490 38492 38493 74737 
3 38494 38495 38496 74738 
3 38494 38496 38497 74739 
3 38496 38495 38498 74740 
3 38496 38498 38499 74741 
3 38496 38499 38500 74742 
3 38496 38500 38497 74743 
3 38501 38502 38503 74744 
3 38501 38503 38504 74745 
3 38501 38505 38506 74746 
3 38501 38506 38502 74747 
3 38507 38508 38502 74748 
3 38507 38502 38506 74749 
3 38507 38506 38509 74750 
3 38507 38509 38510 74751 
3 38509 38511 38512 74752 
3 38509 38512 38510 74753 
3 38509 38513 38514 74754 
3 38509 38514 38511 74755 
3 38509 38506 38505 74756 
3 38509 38505 38513 74757 
3 38513 38515 38516 74758 
3 38513 38516 38514 74759 
3 38513 38505 38517 74760 
3 38513 38517 38515 74761 
3 38517 38518 38519 74762 
3 38517 38519 38515 74763 
3 38517 38504 38498 74764 
3 38517 38498 38518 74765 
3 38517 38505 38501 74766 
3 38517 38501 38504 74767 
3 38518 38520 38521 74768 
3 38518 38521 38519 74769 
3 38518 38498 38495 74770 
3 38518 38495 38520 74771 
3 38520 38522 38523 74772 
3 38520 38523 38521 74773 
3 38520 38495 38494 74774 
3 38520 38494 38522 74775 
3 38522 38524 38525 74776 
3 38522 38525 38523 74777 
3 38522 38494 38497 74778 
3 38522 38497 38524 74779 
3 38524 38526 38527 74780 
3 38524 38527 38525 74781 
3 38524 38497 38500 74782 
3 38524 38500 38526 74783 
3 38526 38528 38529 74784 
3 38526 38529 38527 74785 
3 38526 38500 38530 74786 
3 38526 38530 38531 74787 
3 38530 38508 38532 74788 
3 38530 38532 38531 74789 
3 38530 38503 38502 74790 
3 38530 38502 38508 74791 
3 38530 38500 38499 74792 
3 38530 38499 38503 74793 
3 38532 38533 38529 74794 
3 38532 38529 38531 74795 
3 38532 38510 38512 74796 
3 38532 38512 38533 74797 
3 38532 38508 38507 74798 
3 38532 38507 38510 74799 
3 38533 38534 38535 74800 
3 38533 38535 38529 74801 
3 38533 38512 38536 74802 
3 38533 38536 38534 74803 
3 38536 38537 38538 74804 
3 38536 38538 38534 74805 
3 38536 38539 38540 74806 
3 38536 38540 38541 74807 
3 38536 38512 38511 74808 
3 38536 38511 38539 74809 
3 38539 38542 38543 74810 
3 38539 38543 38540 74811 
3 38539 38511 38514 74812 
3 38539 38514 38542 74813 
3 38542 38544 38545 74814 
3 38542 38545 38543 74815 
3 38542 38514 38516 74816 
3 38542 38516 38544 74817 
3 38544 38546 38547 74818 
3 38544 38547 38545 74819 
3 38544 38516 38548 74820 
3 38544 38548 38546 74821 
3 38548 38549 38550 74822 
3 38548 38550 38546 74823 
3 38548 38519 38521 74824 
3 38548 38521 38549 74825 
3 38548 38516 38515 74826 
3 38548 38515 38519 74827 
3 38549 38551 38552 74828 
3 38549 38552 38550 74829 
3 38549 38521 38523 74830 
3 38549 38523 38551 74831 
3 38551 38553 38554 74832 
3 38551 38554 38552 74833 
3 38551 38523 38525 74834 
3 38551 38525 38555 74835 
3 38555 38556 38557 74836 
3 38555 38557 38554 74837 
3 38555 38525 38527 74838 
3 38555 38527 38556 74839 
3 38556 38558 38559 74840 
3 38556 38559 38557 74841 
3 38556 38527 38529 74842 
3 38556 38529 38535 74843 
3 38559 38560 38561 74844 
3 38559 38561 38557 74845 
3 38559 38538 38562 74846 
3 38559 38562 38560 74847 
3 38559 38558 38534 74848 
3 38559 38534 38538 74849 
3 38562 38563 38564 74850 
3 38562 38564 38560 74851 
3 38562 38565 38566 74852 
3 38562 38566 38563 74853 
3 38562 38538 38541 74854 
3 38562 38541 38565 74855 
3 38565 38567 38568 74856 
3 38565 38568 38566 74857 
3 38565 38541 38540 74858 
3 38565 38540 38567 74859 
3 38567 38569 38570 74860 
3 38567 38570 38568 74861 
3 38567 38540 38543 74862 
3 38567 38543 38569 74863 
3 38569 38571 38479 74864 
3 38569 38479 38570 74865 
3 38569 38543 38545 74866 
3 38569 38545 38480 74867 
3 38570 38482 38486 74868 
3 38570 38486 38568 74869 
3 38570 38479 38478 74870 
3 38570 38478 38482 74871 
3 38568 38486 38489 74872 
3 38568 38489 38566 74873 
3 38566 38489 38572 74874 
3 38566 38572 38563 74875 
3 38572 38488 38493 74876 
3 38572 38493 38492 74877 
3 38572 38489 38487 74878 
3 38572 38487 38488 74879 
3 38572 38492 38564 74880 
3 38572 38564 38563 74881 
3 38564 38492 38491 74882 
3 38564 38491 38573 74883 
3 38564 38573 38561 74884 
3 38564 38561 38560 74885 
3 38573 38491 38477 74886 
3 38573 38477 38574 74887 
3 38573 38574 38575 74888 
3 38573 38575 38561 74889 
3 38575 38574 38471 74890 
3 38575 38471 38576 74891 
3 38575 38577 38557 74892 
3 38575 38557 38561 74893 
3 38575 38576 38552 74894 
3 38575 38552 38554 74895 
3 38576 38471 38470 74896 
3 38576 38470 38578 74897 
3 38576 38578 38550 74898 
3 38576 38550 38552 74899 
3 38578 38470 38474 74900 
3 38578 38474 38547 74901 
3 38578 38547 38546 74902 
3 38578 38546 38550 74903 
3 38574 38477 38472 74904 
3 38574 38472 38471 74905 
3 38547 38474 38480 74906 
3 38547 38480 38545 74907 
3 38503 38499 38498 74908 
3 38503 38498 38504 74909 
3 38491 38490 38475 74910 
3 38491 38475 38477 74911 
3 38493 38476 38475 74912 
3 38493 38475 38490 74913 
3 38493 38488 38484 74914 
3 38493 38484 38476 74915 
3 38484 38483 38469 74916 
3 38484 38469 38476 74917 
3 38483 38478 38466 74918 
3 38483 38466 38469 74919 
3 38579 38580 38581 74920 
3 38579 38581 38582 74921 
3 38582 38583 38584 74922 
3 38582 38584 38579 74923 
3 38582 38581 38585 74924 
3 38582 38585 38583 74925 
3 38586 38587 38588 74926 
3 38586 38588 38589 74927 
3 38586 38589 38590 74928 
3 38586 38590 38591 74929 
3 38586 38591 38592 74930 
3 38586 38592 38587 74931 
3 38588 38593 38594 74932 
3 38588 38594 38589 74933 
3 38588 38587 38595 74934 
3 38588 38595 38593 74935 
3 38596 38597 38598 74936 
3 38596 38598 38599 74937 
3 38596 38600 38601 74938 
3 38596 38601 38597 74939 
3 38596 38599 38602 74940 
3 38596 38602 38603 74941 
3 38597 38601 38604 74942 
3 38597 38604 38598 74943 
3 38598 38605 38606 74944 
3 38598 38606 38599 74945 
3 38607 38608 38603 74946 
3 38607 38603 38602 74947 
3 38607 38602 38609 74948 
3 38607 38609 38610 74949 
3 38609 38602 38599 74950 
3 38609 38599 38606 74951 
3 38609 38606 38604 74952 
3 38609 38604 38610 74953 
3 38601 38600 38610 74954 
3 38601 38610 38604 74955 
3 38611 38603 38608 74956 
3 38611 38608 38612 74957 
3 38611 38612 38613 74958 
3 38611 38613 38614 74959 
3 38611 38614 38615 74960 
3 38611 38615 38616 74961 
3 38617 38618 38615 74962 
3 38617 38615 38614 74963 
3 38610 38619 38608 74964 
3 38610 38608 38607 74965 
3 38610 38600 38620 74966 
3 38610 38620 38619 74967 
3 38621 38622 38623 74968 
3 38621 38623 38624 74969 
3 38621 38625 38626 74970 
3 38621 38626 38627 74971 
3 38621 38624 38628 74972 
3 38621 38628 38625 74973 
3 38629 38630 38631 74974 
3 38629 38631 38632 74975 
3 38629 38632 38633 74976 
3 38629 38633 38627 74977 
3 38629 38627 38626 74978 
3 38629 38626 38630 74979 
3 38633 38613 38621 74980 
3 38633 38621 38627 74981 
3 38633 38617 38614 74982 
3 38633 38614 38613 74983 
3 38633 38632 38618 74984 
3 38633 38618 38617 74985 
3 38630 38634 38635 74986 
3 38630 38635 38631 74987 
3 38630 38626 38636 74988 
3 38630 38636 38634 74989 
3 38636 38626 38625 74990 
3 38636 38625 38637 74991 
3 38636 38638 38639 74992 
3 38636 38639 38634 74993 
3 38636 38637 38640 74994 
3 38636 38640 38641 74995 
3 38640 38637 38642 74996 
3 38640 38642 38643 74997 
3 38640 38644 38645 74998 
3 38640 38645 38641 74999 
3 38640 38643 38646 75000 
3 38640 38646 38644 75001 
3 38646 38643 38647 75002 
3 38646 38647 38648 75003 
3 38646 38649 38650 75004 
3 38646 38650 38644 75005 
3 38646 38648 38651 75006 
3 38646 38651 38649 75007 
3 38651 38652 38653 75008 
3 38651 38653 38654 75009 
3 38651 38655 38656 75010 
3 38651 38656 38649 75011 
3 38651 38654 38657 75012 
3 38651 38657 38655 75013 
3 38657 38654 38658 75014 
3 38657 38658 38659 75015 
3 38657 38660 38661 75016 
3 38657 38661 38655 75017 
3 38657 38659 38662 75018 
3 38657 38662 38660 75019 
3 38662 38659 38663 75020 
3 38662 38663 38664 75021 
3 38662 38665 38666 75022 
3 38662 38666 38660 75023 
3 38662 38664 38667 75024 
3 38662 38667 38665 75025 
3 38667 38664 38668 75026 
3 38667 38668 38669 75027 
3 38667 38670 38671 75028 
3 38667 38671 38665 75029 
3 38667 38669 38672 75030 
3 38667 38672 38670 75031 
3 38672 38673 38674 75032 
3 38672 38674 38675 75033 
3 38672 38676 38677 75034 
3 38672 38677 38670 75035 
3 38672 38678 38679 75036 
3 38672 38679 38676 75037 
3 38679 38675 38680 75038 
3 38679 38680 38681 75039 
3 38679 38682 38683 75040 
3 38679 38683 38676 75041 
3 38679 38681 38684 75042 
3 38679 38684 38682 75043 
3 38684 38685 38686 75044 
3 38684 38686 38687 75045 
3 38684 38688 38689 75046 
3 38684 38689 38682 75047 
3 38684 38687 38690 75048 
3 38684 38690 38688 75049 
3 38690 38687 38691 75050 
3 38690 38691 38692 75051 
3 38690 38693 38694 75052 
3 38690 38694 38688 75053 
3 38690 38692 38695 75054 
3 38690 38695 38696 75055 
3 38695 38692 38697 75056 
3 38695 38697 38698 75057 
3 38695 38699 38700 75058 
3 38695 38700 38696 75059 
3 38695 38701 38702 75060 
3 38695 38702 38699 75061 
3 38702 38698 38703 75062 
3 38702 38703 38704 75063 
3 38702 38705 38706 75064 
3 38702 38706 38699 75065 
3 38702 38704 38707 75066 
3 38702 38707 38708 75067 
3 38707 38704 38709 75068 
3 38707 38709 38710 75069 
3 38707 38711 38712 75070 
3 38707 38712 38708 75071 
3 38707 38710 38713 75072 
3 38707 38713 38711 75073 
3 38713 38710 38714 75074 
3 38713 38714 38715 75075 
3 38713 38716 38717 75076 
3 38713 38717 38711 75077 
3 38713 38715 38718 75078 
3 38713 38718 38716 75079 
3 38718 38719 38720 75080 
3 38718 38720 38721 75081 
3 38718 38722 38723 75082 
3 38718 38723 38716 75083 
3 38718 38721 38724 75084 
3 38718 38724 38722 75085 
3 38724 38721 38725 75086 
3 38724 38725 38726 75087 
3 38724 38727 38728 75088 
3 38724 38728 38722 75089 
3 38724 38726 38729 75090 
3 38724 38729 38727 75091 
3 38729 38726 38730 75092 
3 38729 38730 38731 75093 
3 38729 38732 38733 75094 
3 38729 38733 38727 75095 
3 38729 38731 38734 75096 
3 38729 38734 38732 75097 
3 38734 38731 38735 75098 
3 38734 38735 38736 75099 
3 38734 38737 38738 75100 
3 38734 38738 38732 75101 
3 38734 38736 38739 75102 
3 38734 38739 38740 75103 
3 38739 38736 38741 75104 
3 38739 38741 38742 75105 
3 38739 38743 38744 75106 
3 38739 38744 38740 75107 
3 38739 38742 38745 75108 
3 38739 38745 38743 75109 
3 38745 38742 38746 75110 
3 38745 38746 38747 75111 
3 38745 38748 38749 75112 
3 38745 38749 38743 75113 
3 38745 38747 38750 75114 
3 38745 38750 38748 75115 
3 38750 38751 38752 75116 
3 38750 38752 38753 75117 
3 38750 38754 38755 75118 
3 38750 38755 38748 75119 
3 38750 38756 38757 75120 
3 38750 38757 38754 75121 
3 38757 38753 38758 75122 
3 38757 38758 38759 75123 
3 38757 38760 38761 75124 
3 38757 38761 38754 75125 
3 38757 38759 38762 75126 
3 38757 38762 38760 75127 
3 38762 38759 38763 75128 
3 38762 38763 38764 75129 
3 38762 38765 38594 75130 
3 38762 38594 38760 75131 
3 38762 38764 38766 75132 
3 38762 38766 38765 75133 
3 38766 38764 38767 75134 
3 38766 38767 38580 75135 
3 38766 38584 38590 75136 
3 38766 38590 38765 75137 
3 38766 38580 38579 75138 
3 38766 38579 38584 75139 
3 38767 38768 38769 75140 
3 38767 38769 38770 75141 
3 38767 38764 38763 75142 
3 38767 38763 38768 75143 
3 38767 38770 38581 75144 
3 38767 38581 38580 75145 
3 38768 38771 38772 75146 
3 38768 38772 38769 75147 
3 38768 38763 38773 75148 
3 38768 38773 38771 75149 
3 38773 38774 38775 75150 
3 38773 38775 38771 75151 
3 38773 38758 38776 75152 
3 38773 38776 38774 75153 
3 38773 38763 38759 75154 
3 38773 38759 38758 75155 
3 38776 38777 38778 75156 
3 38776 38778 38774 75157 
3 38776 38752 38779 75158 
3 38776 38779 38777 75159 
3 38776 38758 38753 75160 
3 38776 38753 38752 75161 
3 38779 38780 38781 75162 
3 38779 38781 38777 75163 
3 38779 38782 38783 75164 
3 38779 38783 38780 75165 
3 38779 38752 38747 75166 
3 38779 38747 38746 75167 
3 38783 38784 38785 75168 
3 38783 38785 38780 75169 
3 38783 38741 38786 75170 
3 38783 38786 38784 75171 
3 38783 38782 38742 75172 
3 38783 38742 38741 75173 
3 38786 38787 38788 75174 
3 38786 38788 38784 75175 
3 38786 38735 38789 75176 
3 38786 38789 38787 75177 
3 38786 38741 38736 75178 
3 38786 38736 38735 75179 
3 38789 38790 38791 75180 
3 38789 38791 38787 75181 
3 38789 38730 38792 75182 
3 38789 38792 38790 75183 
3 38789 38735 38731 75184 
3 38789 38731 38730 75185 
3 38792 38793 38794 75186 
3 38792 38794 38790 75187 
3 38792 38725 38795 75188 
3 38792 38795 38793 75189 
3 38792 38730 38726 75190 
3 38792 38726 38725 75191 
3 38795 38796 38797 75192 
3 38795 38797 38793 75193 
3 38795 38720 38798 75194 
3 38795 38798 38799 75195 
3 38795 38725 38721 75196 
3 38795 38721 38720 75197 
3 38798 38800 38801 75198 
3 38798 38801 38799 75199 
3 38798 38714 38802 75200 
3 38798 38802 38800 75201 
3 38798 38720 38715 75202 
3 38798 38715 38714 75203 
3 38802 38803 38804 75204 
3 38802 38804 38800 75205 
3 38802 38709 38805 75206 
3 38802 38805 38803 75207 
3 38802 38714 38710 75208 
3 38802 38710 38709 75209 
3 38805 38806 38807 75210 
3 38805 38807 38803 75211 
3 38805 38808 38809 75212 
3 38805 38809 38806 75213 
3 38805 38709 38704 75214 
3 38805 38704 38703 75215 
3 38809 38810 38811 75216 
3 38809 38811 38806 75217 
3 38809 38697 38812 75218 
3 38809 38812 38813 75219 
3 38809 38808 38698 75220 
3 38809 38698 38697 75221 
3 38812 38814 38815 75222 
3 38812 38815 38813 75223 
3 38812 38691 38816 75224 
3 38812 38816 38814 75225 
3 38812 38697 38692 75226 
3 38812 38692 38691 75227 
3 38816 38817 38818 75228 
3 38816 38818 38814 75229 
3 38816 38686 38819 75230 
3 38816 38819 38817 75231 
3 38816 38691 38687 75232 
3 38816 38687 38686 75233 
3 38819 38820 38821 75234 
3 38819 38821 38817 75235 
3 38819 38680 38822 75236 
3 38819 38822 38820 75237 
3 38819 38686 38681 75238 
3 38819 38681 38680 75239 
3 38822 38823 38824 75240 
3 38822 38824 38820 75241 
3 38822 38674 38825 75242 
3 38822 38825 38823 75243 
3 38822 38680 38675 75244 
3 38822 38675 38674 75245 
3 38825 38826 38827 75246 
3 38825 38827 38823 75247 
3 38825 38668 38828 75248 
3 38825 38828 38826 75249 
3 38825 38674 38669 75250 
3 38825 38669 38668 75251 
3 38828 38829 38830 75252 
3 38828 38830 38826 75253 
3 38828 38663 38831 75254 
3 38828 38831 38829 75255 
3 38828 38668 38664 75256 
3 38828 38664 38663 75257 
3 38831 38832 38833 75258 
3 38831 38833 38829 75259 
3 38831 38658 38834 75260 
3 38831 38834 38832 75261 
3 38831 38663 38659 75262 
3 38831 38659 38658 75263 
3 38834 38835 38836 75264 
3 38834 38836 38832 75265 
3 38834 38653 38837 75266 
3 38834 38837 38835 75267 
3 38834 38658 38654 75268 
3 38834 38654 38653 75269 
3 38837 38838 38839 75270 
3 38837 38839 38835 75271 
3 38837 38647 38840 75272 
3 38837 38840 38838 75273 
3 38837 38653 38648 75274 
3 38837 38648 38647 75275 
3 38840 38841 38842 75276 
3 38840 38842 38838 75277 
3 38840 38642 38628 75278 
3 38840 38628 38841 75279 
3 38840 38647 38643 75280 
3 38840 38643 38642 75281 
3 38841 38843 38844 75282 
3 38841 38844 38842 75283 
3 38841 38628 38624 75284 
3 38841 38624 38843 75285 
3 38843 38845 38616 75286 
3 38843 38616 38844 75287 
3 38843 38624 38623 75288 
3 38843 38623 38845 75289 
3 38845 38846 38611 75290 
3 38845 38611 38616 75291 
3 38845 38847 38620 75292 
3 38845 38620 38846 75293 
3 38846 38596 38603 75294 
3 38846 38603 38611 75295 
3 38846 38620 38600 75296 
3 38846 38600 38596 75297 
3 38844 38616 38615 75298 
3 38844 38615 38848 75299 
3 38844 38848 38849 75300 
3 38844 38849 38842 75301 
3 38849 38848 38850 75302 
3 38849 38850 38851 75303 
3 38849 38839 38838 75304 
3 38849 38838 38842 75305 
3 38849 38851 38852 75306 
3 38849 38852 38839 75307 
3 38852 38851 38635 75308 
3 38852 38635 38853 75309 
3 38852 38836 38835 75310 
3 38852 38835 38839 75311 
3 38852 38853 38854 75312 
3 38852 38854 38836 75313 
3 38854 38853 38639 75314 
3 38854 38639 38855 75315 
3 38854 38833 38832 75316 
3 38854 38832 38836 75317 
3 38854 38855 38856 75318 
3 38854 38856 38833 75319 
3 38856 38855 38645 75320 
3 38856 38645 38857 75321 
3 38856 38830 38829 75322 
3 38856 38829 38833 75323 
3 38856 38857 38858 75324 
3 38856 38858 38830 75325 
3 38858 38857 38650 75326 
3 38858 38650 38859 75327 
3 38858 38827 38826 75328 
3 38858 38826 38830 75329 
3 38858 38859 38860 75330 
3 38858 38860 38827 75331 
3 38860 38859 38656 75332 
3 38860 38656 38861 75333 
3 38860 38824 38823 75334 
3 38860 38823 38827 75335 
3 38860 38861 38862 75336 
3 38860 38862 38824 75337 
3 38862 38861 38661 75338 
3 38862 38661 38863 75339 
3 38862 38864 38820 75340 
3 38862 38820 38824 75341 
3 38862 38863 38865 75342 
3 38862 38865 38821 75343 
3 38865 38863 38666 75344 
3 38865 38666 38866 75345 
3 38865 38818 38817 75346 
3 38865 38817 38821 75347 
3 38865 38866 38867 75348 
3 38865 38867 38818 75349 
3 38867 38866 38671 75350 
3 38867 38671 38868 75351 
3 38867 38815 38814 75352 
3 38867 38814 38818 75353 
3 38867 38868 38869 75354 
3 38867 38869 38815 75355 
3 38869 38868 38677 75356 
3 38869 38677 38870 75357 
3 38869 38811 38813 75358 
3 38869 38813 38815 75359 
3 38869 38871 38872 75360 
3 38869 38872 38811 75361 
3 38872 38870 38683 75362 
3 38872 38683 38873 75363 
3 38872 38874 38806 75364 
3 38872 38806 38811 75365 
3 38872 38873 38875 75366 
3 38872 38875 38807 75367 
3 38875 38804 38803 75370 
3 38875 38803 38807 75371 
3 38875 38878 38879 75372 
3 38875 38879 38804 75373 
3 38879 38877 38694 75374 
3 38879 38694 38880 75375 
3 38879 38881 38800 75376 
3 38879 38800 38804 75377 
3 38879 38880 38882 75378 
3 38879 38882 38801 75379 
3 38882 38880 38700 75380 
3 38882 38700 38883 75381 
3 38882 38797 38799 75382 
3 38882 38799 38801 75383 
3 38882 38883 38884 75384 
3 38882 38884 38797 75385 
3 38884 38883 38706 75386 
3 38884 38706 38885 75387 
3 38884 38794 38793 75388 
3 38884 38793 38797 75389 
3 38884 38885 38886 75390 
3 38884 38886 38794 75391 
3 38886 38885 38712 75392 
3 38886 38712 38887 75393 
3 38886 38791 38790 75394 
3 38886 38790 38794 75395 
3 38886 38887 38888 75396 
3 38886 38888 38791 75397 
3 38888 38887 38717 75398 
3 38888 38717 38889 75399 
3 38888 38788 38787 75400 
3 38888 38787 38791 75401 
3 38888 38889 38890 75402 
3 38888 38890 38788 75403 
3 38890 38889 38723 75404 
3 38890 38723 38891 75405 
3 38890 38785 38784 75406 
3 38890 38784 38788 75407 
3 38890 38891 38892 75408 
3 38890 38892 38785 75409 
3 38892 38891 38728 75410 
3 38892 38728 38893 75411 
3 38892 38781 38780 75412 
3 38892 38780 38785 75413 
3 38892 38893 38894 75414 
3 38892 38894 38781 75415 
3 38894 38893 38733 75416 
3 38894 38733 38895 75417 
3 38894 38778 38777 75418 
3 38894 38777 38781 75419 
3 38894 38895 38896 75420 
3 38894 38896 38778 75421 
3 38896 38895 38738 75422 
3 38896 38738 38897 75423 
3 38896 38775 38774 75424 
3 38896 38774 38778 75425 
3 38896 38897 38898 75426 
3 38896 38898 38775 75427 
3 38898 38897 38744 75428 
3 38898 38744 38899 75429 
3 38898 38772 38771 75430 
3 38898 38771 38775 75431 
3 38898 38900 38901 75432 
3 38898 38901 38772 75433 
3 38901 38899 38749 75434 
3 38901 38749 38902 75435 
3 38901 38903 38769 75436 
3 38901 38769 38772 75437 
3 38901 38902 38904 75438 
3 38901 38904 38905 75439 
3 38904 38902 38755 75440 
3 38904 38755 38906 75441 
3 38904 38907 38908 75442 
3 38904 38908 38905 75443 
3 38904 38909 38595 75444 
3 38904 38595 38907 75445 
3 38907 38592 38585 75446 
3 38907 38585 38908 75447 
3 38907 38595 38587 75448 
3 38907 38587 38592 75449 
3 38908 38770 38769 75450 
3 38908 38769 38905 75451 
3 38908 38585 38581 75452 
3 38908 38581 38770 75453 
3 38906 38755 38754 75454 
3 38906 38754 38761 75455 
3 38906 38910 38593 75456 
3 38906 38593 38595 75457 
3 38902 38749 38748 75458 
3 38902 38748 38755 75459 
3 38899 38744 38743 75460 
3 38899 38743 38749 75461 
3 38897 38738 38740 75462 
3 38897 38740 38744 75463 
3 38895 38733 38732 75464 
3 38895 38732 38738 75465 
3 38893 38728 38727 75466 
3 38893 38727 38733 75467 
3 38891 38723 38722 75468 
3 38891 38722 38728 75469 
3 38889 38717 38716 75470 
3 38889 38716 38723 75471 
3 38887 38712 38711 75472 
3 38887 38711 38717 75473 
3 38885 38706 38708 75474 
3 38885 38708 38712 75475 
3 38883 38700 38699 75476 
3 38883 38699 38706 75477 
3 38880 38694 38696 75478 
3 38880 38696 38700 75479 
3 38877 38911 38688 75480 
3 38877 38688 38694 75481 
3 38873 38683 38682 75482 
3 38873 38682 38689 75483 
3 38870 38677 38676 75484 
3 38870 38676 38683 75485 
3 38868 38671 38670 75486 
3 38868 38670 38677 75487 
3 38866 38912 38665 75488 
3 38866 38665 38671 75489 
3 38863 38661 38660 75490 
3 38863 38660 38666 75491 
3 38861 38656 38655 75492 
3 38861 38655 38661 75493 
3 38859 38650 38649 75494 
3 38859 38649 38656 75495 
3 38857 38645 38644 75496 
3 38857 38644 38650 75497 
3 38855 38639 38641 75498 
3 38855 38641 38645 75499 
3 38853 38635 38634 75500 
3 38853 38634 38639 75501 
3 38850 38618 38632 75502 
3 38850 38632 38631 75503 
3 38850 38848 38615 75504 
3 38850 38615 38618 75505 
3 38850 38631 38635 75506 
3 38850 38635 38851 75507 
3 38765 38913 38589 75508 
3 38765 38589 38594 75509 
3 38760 38594 38593 75510 
3 38760 38593 38761 75511 
3 38642 38637 38625 75512 
3 38642 38625 38628 75513 
3 38621 38613 38612 75514 
3 38621 38612 38622 75515 
3 38622 38619 38620 75516 
3 38622 38620 38623 75517 
3 38622 38612 38608 75518 
3 38622 38608 38619 75519 
3 38592 38591 38583 75520 
3 38592 38583 38585 75521 
3 38590 38584 38583 75522 
3 38590 38583 38591 75523 
