3 34845 34846 34847 67930 
3 34845 34847 34848 67931 
3 34845 34848 34849 67932 
3 34845 34849 34850 67933 
3 34845 34850 34851 67934 
3 34845 34851 34846 67935 
3 34847 34846 34852 67936 
3 34847 34852 34853 67937 
3 34847 34853 34854 67938 
3 34847 34854 34848 67939 
3 34855 34856 34857 67940 
3 34855 34857 34858 67941 
3 34855 34858 34859 67942 
3 34855 34859 34860 67943 
3 34861 34862 34863 67944 
3 34861 34863 34864 67945 
3 34861 34865 34866 67946 
3 34861 34866 34862 67947 
3 34861 34864 34867 67948 
3 34861 34867 34865 67949 
3 34868 34869 34870 67950 
3 34868 34870 34871 67951 
3 34868 34871 34872 67952 
3 34868 34872 34873 67953 
3 34866 34874 34875 67954 
3 34866 34875 34862 67955 
3 34866 34865 34876 67956 
3 34866 34876 34874 67957 
3 34877 34873 34872 67958 
3 34877 34872 34878 67959 
3 34877 34878 34879 67960 
3 34877 34879 34880 67961 
3 34877 34880 34881 67962 
3 34877 34881 34869 67963 
3 34881 34882 34870 67964 
3 34881 34870 34869 67965 
3 34881 34880 34883 67966 
3 34881 34883 34884 67967 
3 34881 34884 34885 67968 
3 34881 34885 34886 67969 
3 34885 34887 34888 67970 
3 34885 34888 34886 67971 
3 34885 34884 34889 67972 
3 34885 34889 34890 67973 
3 34885 34890 34891 67974 
3 34885 34891 34887 67975 
3 34891 34892 34893 67976 
3 34891 34893 34887 67977 
3 34891 34890 34894 67978 
3 34891 34894 34895 67979 
3 34891 34895 34896 67980 
3 34891 34896 34892 67981 
3 34896 34897 34898 67982 
3 34896 34898 34892 67983 
3 34896 34895 34899 67984 
3 34896 34899 34900 67985 
3 34896 34900 34901 67986 
3 34896 34901 34897 67987 
3 34901 34902 34903 67988 
3 34901 34903 34897 67989 
3 34901 34900 34904 67990 
3 34901 34904 34905 67991 
3 34901 34905 34906 67992 
3 34901 34906 34902 67993 
3 34906 34907 34908 67994 
3 34906 34908 34902 67995 
3 34906 34905 34909 67996 
3 34906 34909 34910 67997 
3 34906 34910 34911 67998 
3 34906 34911 34907 67999 
3 34911 34912 34913 68000 
3 34911 34913 34907 68001 
3 34911 34910 34914 68002 
3 34911 34914 34915 68003 
3 34911 34915 34916 68004 
3 34911 34916 34912 68005 
3 34916 34917 34918 68006 
3 34916 34918 34912 68007 
3 34916 34915 34857 68008 
3 34916 34857 34856 68009 
3 34916 34856 34919 68010 
3 34916 34919 34917 68011 
3 34918 34920 34921 68012 
3 34918 34921 34922 68013 
3 34918 34922 34913 68014 
3 34918 34913 34912 68015 
3 34918 34917 34923 68016 
3 34918 34923 34920 68017 
3 34923 34924 34925 68018 
3 34923 34925 34920 68019 
3 34923 34917 34919 68020 
3 34923 34919 34926 68021 
3 34923 34926 34927 68022 
3 34923 34927 34924 68023 
3 34927 34928 34929 68024 
3 34927 34929 34924 68025 
3 34927 34926 34859 68026 
3 34927 34859 34852 68027 
3 34927 34852 34846 68028 
3 34927 34846 34851 68029 
3 34929 34930 34904 68030 
3 34929 34904 34931 68031 
3 34929 34931 34925 68032 
3 34929 34925 34924 68033 
3 34929 34851 34850 68034 
3 34929 34850 34930 68035 
3 34931 34904 34900 68036 
3 34931 34900 34899 68037 
3 34931 34899 34932 68038 
3 34931 34932 34925 68039 
3 34932 34899 34895 68040 
3 34932 34895 34894 68041 
3 34932 34894 34933 68042 
3 34932 34933 34921 68043 
3 34932 34934 34920 68044 
3 34932 34920 34925 68045 
3 34933 34894 34890 68046 
3 34933 34890 34889 68047 
3 34933 34889 34935 68048 
3 34933 34935 34936 68049 
3 34933 34936 34922 68050 
3 34933 34922 34921 68051 
3 34936 34935 34937 68052 
3 34936 34937 34938 68053 
3 34936 34938 34913 68054 
3 34936 34913 34922 68055 
3 34938 34937 34939 68056 
3 34938 34939 34908 68057 
3 34938 34908 34907 68058 
3 34938 34907 34913 68059 
3 34939 34937 34940 68060 
3 34939 34940 34941 68061 
3 34939 34941 34942 68062 
3 34939 34942 34903 68063 
3 34939 34903 34902 68064 
3 34939 34902 34908 68065 
3 34942 34941 34943 68066 
3 34942 34943 34944 68067 
3 34942 34944 34945 68068 
3 34942 34945 34898 68069 
3 34942 34898 34897 68070 
3 34942 34897 34903 68071 
3 34945 34944 34867 68072 
3 34945 34867 34864 68073 
3 34945 34864 34863 68074 
3 34945 34863 34893 68075 
3 34945 34946 34892 68076 
3 34945 34892 34898 68077 
3 34944 34943 34947 68078 
3 34944 34947 34867 68079 
3 34947 34878 34872 68080 
3 34947 34872 34876 68081 
3 34947 34876 34865 68082 
3 34947 34865 34867 68083 
3 34947 34943 34879 68084 
3 34947 34879 34878 68085 
3 34943 34941 34940 68086 
3 34943 34940 34879 68087 
3 34940 34883 34880 68088 
3 34940 34880 34879 68089 
3 34940 34937 34935 68090 
3 34940 34935 34883 68091 
3 34935 34889 34884 68092 
3 34935 34884 34883 68093 
3 34930 34909 34905 68094 
3 34930 34905 34904 68095 
3 34930 34850 34849 68096 
3 34930 34849 34909 68097 
3 34926 34919 34860 68098 
3 34926 34860 34859 68099 
3 34915 34914 34854 68100 
3 34915 34854 34857 68101 
3 34914 34910 34909 68102 
3 34914 34909 34849 68103 
3 34914 34849 34848 68104 
3 34914 34848 34854 68105 
3 34893 34863 34888 68106 
3 34893 34888 34887 68107 
3 34888 34863 34862 68108 
3 34888 34862 34875 68109 
3 34888 34875 34870 68110 
3 34888 34870 34886 68111 
3 34876 34872 34871 68112 
3 34876 34871 34874 68113 
3 34875 34874 34871 68114 
3 34875 34871 34870 68115 
3 34873 34877 34869 68116 
3 34873 34869 34868 68117 
3 34859 34858 34853 68118 
3 34859 34853 34852 68119 
3 34858 34948 34854 68120 
3 34858 34854 34853 68121 
3 34860 34919 34856 68122 
3 34860 34856 34855 68123 
3 34949 34950 34951 68124 
3 34949 34951 34952 68125 
3 34949 34953 34954 68126 
3 34949 34954 34950 68127 
3 34949 34952 34955 68128 
3 34949 34955 34953 68129 
3 34956 34957 34958 68130 
3 34956 34958 34959 68131 
3 34956 34960 34950 68132 
3 34956 34950 34957 68133 
3 34956 34959 34961 68134 
3 34956 34961 34951 68135 
3 34952 34960 34961 68136 
3 34952 34961 34955 68137 
3 34958 34957 34962 68138 
3 34958 34962 34963 68139 
3 34958 34963 34964 68140 
3 34958 34964 34959 68141 
3 34965 34966 34967 68142 
3 34965 34967 34968 68143 
3 34965 34969 34970 68144 
3 34965 34970 34966 68145 
3 34965 34968 34971 68146 
3 34965 34971 34969 68147 
3 34966 34972 34973 68148 
3 34966 34973 34967 68149 
3 34968 34967 34974 68150 
3 34968 34974 34971 68151 
3 34971 34975 34976 68152 
3 34971 34976 34969 68153 
3 34971 34977 34978 68154 
3 34971 34978 34979 68155 
3 34971 34974 34980 68156 
3 34971 34980 34977 68157 
3 34974 34967 34973 68158 
3 34974 34973 34980 68159 
3 34977 34980 34981 68160 
3 34977 34981 34978 68161 
3 34982 34983 34984 68162 
3 34982 34984 34985 68163 
3 34982 34986 34987 68164 
3 34982 34987 34988 68165 
3 34982 34988 34989 68166 
3 34982 34989 34983 68167 
3 34989 34990 34991 68168 
3 34989 34991 34983 68169 
3 34989 34988 34992 68170 
3 34989 34992 34990 68171 
3 34990 34992 34993 68172 
3 34990 34993 34991 68173 
3 34991 34994 34984 68174 
3 34991 34984 34983 68175 
3 34991 34995 34996 68176 
3 34991 34996 34994 68177 
3 34991 34993 34997 68178 
3 34991 34997 34995 68179 
3 34997 34998 34999 68180 
3 34997 34999 34995 68181 
3 34997 34993 35000 68182 
3 34997 35000 35001 68183 
3 34997 35001 35002 68184 
3 34997 35002 35003 68185 
3 35002 35004 35005 68186 
3 35002 35005 35003 68187 
3 35002 35001 35006 68188 
3 35002 35006 35007 68189 
3 35002 35007 35008 68190 
3 35002 35008 35004 68191 
3 35008 35009 35010 68192 
3 35008 35010 35004 68193 
3 35008 35007 35011 68194 
3 35008 35011 35012 68195 
3 35008 35012 35013 68196 
3 35008 35013 35009 68197 
3 35013 35014 35015 68198 
3 35013 35015 35009 68199 
3 35013 35012 35016 68200 
3 35013 35016 35017 68201 
3 35013 35017 35018 68202 
3 35013 35018 35014 68203 
3 35018 35019 35020 68204 
3 35018 35020 35014 68205 
3 35018 35017 35021 68206 
3 35018 35021 35022 68207 
3 35018 35023 35024 68208 
3 35018 35024 35025 68209 
3 35024 35026 35027 68210 
3 35024 35027 35025 68211 
3 35024 35023 35028 68212 
3 35024 35028 35029 68213 
3 35024 35029 35030 68214 
3 35024 35030 35026 68215 
3 35030 35031 35032 68216 
3 35030 35032 35026 68217 
3 35030 35029 35033 68218 
3 35030 35033 35034 68219 
3 35030 35034 35035 68220 
3 35030 35035 35031 68221 
3 35035 35036 35037 68222 
3 35035 35037 35031 68223 
3 35035 35034 35038 68224 
3 35035 35038 35039 68225 
3 35035 35039 35040 68226 
3 35035 35040 35036 68227 
3 35040 35041 35042 68228 
3 35040 35042 35036 68229 
3 35040 35039 35043 68230 
3 35040 35043 35044 68231 
3 35040 35045 35046 68232 
3 35040 35046 35041 68233 
3 35046 35047 35048 68234 
3 35046 35048 35041 68235 
3 35046 35045 35049 68236 
3 35046 35049 35050 68237 
3 35046 35050 35051 68238 
3 35046 35051 35047 68239 
3 35051 35052 35053 68240 
3 35051 35053 35047 68241 
3 35051 35050 35054 68242 
3 35051 35054 35055 68243 
3 35051 35055 35056 68244 
3 35051 35056 35052 68245 
3 35056 35057 35058 68246 
3 35056 35058 35052 68247 
3 35056 35055 35059 68248 
3 35056 35059 35060 68249 
3 35056 35060 35061 68250 
3 35056 35061 35057 68251 
3 35061 35062 35063 68252 
3 35061 35063 35057 68253 
3 35061 35060 35064 68254 
3 35061 35064 35065 68255 
3 35061 35066 35067 68256 
3 35061 35067 35062 68257 
3 35067 35068 35069 68258 
3 35067 35069 35062 68259 
3 35067 35066 35070 68260 
3 35067 35070 35071 68261 
3 35067 35071 35072 68262 
3 35067 35072 35068 68263 
3 35072 35073 35074 68264 
3 35072 35074 35068 68265 
3 35072 35071 35075 68266 
3 35072 35075 35076 68267 
3 35072 35076 35077 68268 
3 35072 35077 35078 68269 
3 35077 35079 35080 68270 
3 35077 35080 35078 68271 
3 35077 35076 35081 68272 
3 35077 35081 35082 68273 
3 35077 35082 35083 68274 
3 35077 35083 35079 68275 
3 35083 35084 35085 68276 
3 35083 35085 35079 68277 
3 35083 35082 35086 68278 
3 35083 35086 35087 68279 
3 35083 35087 35088 68280 
3 35083 35088 35084 68281 
3 35088 35089 35090 68282 
3 35088 35090 35084 68283 
3 35088 35087 35091 68284 
3 35088 35091 35092 68285 
3 35088 35092 35093 68286 
3 35088 35093 35089 68287 
3 35093 35094 35095 68288 
3 35093 35095 35089 68289 
3 35093 35092 35096 68290 
3 35093 35096 35097 68291 
3 35093 35097 35098 68292 
3 35093 35098 35094 68293 
3 35098 35099 35100 68294 
3 35098 35100 35094 68295 
3 35098 35097 35101 68296 
3 35098 35101 35102 68297 
3 35098 35102 35103 68298 
3 35098 35103 35099 68299 
3 35103 35104 35105 68300 
3 35103 35105 35099 68301 
3 35103 35102 35106 68302 
3 35103 35106 35107 68303 
3 35103 35107 35108 68304 
3 35103 35108 35104 68305 
3 35108 35109 35110 68306 
3 35108 35110 35104 68307 
3 35108 35107 35111 68308 
3 35108 35111 35112 68309 
3 35108 35112 35113 68310 
3 35108 35113 35109 68311 
3 35113 35114 35115 68312 
3 35113 35115 35109 68313 
3 35113 35112 35116 68314 
3 35113 35116 35117 68315 
3 35113 35117 35118 68316 
3 35113 35118 35119 68317 
3 35118 35120 35121 68318 
3 35118 35121 35119 68319 
3 35118 35117 35122 68320 
3 35118 35122 35123 68321 
3 35118 35123 35124 68322 
3 35118 35124 35120 68323 
3 35124 35125 35126 68324 
3 35124 35126 35120 68325 
3 35124 35123 35127 68326 
3 35124 35127 35128 68327 
3 35124 35128 35129 68328 
3 35124 35129 35125 68329 
3 35129 35130 35131 68330 
3 35129 35131 35125 68331 
3 35129 35128 35132 68332 
3 35129 35132 35133 68333 
3 35129 35133 35134 68334 
3 35129 35134 35130 68335 
3 35134 35135 35136 68336 
3 35134 35136 35130 68337 
3 35134 35133 35137 68338 
3 35134 35137 35138 68339 
3 35134 35138 35139 68340 
3 35134 35139 35135 68341 
3 35139 35140 35141 68342 
3 35139 35141 35135 68343 
3 35139 35138 35142 68344 
3 35139 35142 35143 68345 
3 35139 35143 35144 68346 
3 35139 35144 35140 68347 
3 35144 34964 35145 68348 
3 35144 35145 35140 68349 
3 35144 35143 34955 68350 
3 35144 34955 34961 68351 
3 35144 34961 34959 68352 
3 35144 34959 34964 68353 
3 35145 35146 35147 68354 
3 35145 35147 35148 68355 
3 35145 35148 35141 68356 
3 35145 35141 35140 68357 
3 35145 34964 34963 68358 
3 35145 34963 35146 68359 
3 35148 35147 35149 68360 
3 35148 35149 35150 68361 
3 35148 35150 35151 68362 
3 35148 35151 35141 68363 
3 35151 35150 35152 68364 
3 35151 35152 35153 68365 
3 35151 35153 35154 68366 
3 35151 35154 35136 68367 
3 35151 35155 35135 68368 
3 35151 35135 35141 68369 
3 35154 35153 35156 68370 
3 35154 35156 35157 68371 
3 35154 35157 35158 68372 
3 35154 35158 35131 68373 
3 35154 35131 35130 68374 
3 35154 35130 35136 68375 
3 35158 35157 35159 68376 
3 35158 35159 35160 68377 
3 35158 35160 35161 68378 
3 35158 35161 35126 68379 
3 35158 35126 35125 68380 
3 35158 35125 35131 68381 
3 35161 35160 35162 68382 
3 35161 35162 35163 68383 
3 35161 35163 35164 68384 
3 35161 35164 35121 68385 
3 35161 35121 35120 68386 
3 35161 35120 35126 68387 
3 35164 35163 35165 68388 
3 35164 35165 35166 68389 
3 35164 35166 35167 68390 
3 35164 35167 35115 68391 
3 35164 35115 35119 68392 
3 35164 35119 35121 68393 
3 35167 35166 35168 68394 
3 35167 35168 35169 68395 
3 35167 35169 35170 68396 
3 35167 35170 35110 68397 
3 35167 35110 35109 68398 
3 35167 35109 35115 68399 
3 35170 35169 35171 68400 
3 35170 35171 35172 68401 
3 35170 35172 35173 68402 
3 35170 35173 35105 68403 
3 35170 35105 35104 68404 
3 35170 35104 35110 68405 
3 35173 35172 35174 68406 
3 35173 35174 35175 68407 
3 35173 35175 35176 68408 
3 35173 35176 35100 68409 
3 35173 35100 35099 68410 
3 35173 35099 35105 68411 
3 35176 35175 35177 68412 
3 35176 35177 35178 68413 
3 35176 35178 35179 68414 
3 35176 35179 35095 68415 
3 35176 35095 35094 68416 
3 35176 35094 35100 68417 
3 35179 35178 35180 68418 
3 35179 35180 35181 68419 
3 35179 35182 35183 68420 
3 35179 35183 35090 68421 
3 35179 35090 35089 68422 
3 35179 35089 35095 68423 
3 35183 35182 35184 68424 
3 35183 35184 35185 68425 
3 35183 35185 35186 68426 
3 35183 35186 35085 68427 
3 35183 35187 35084 68428 
3 35183 35084 35090 68429 
3 35186 35185 35188 68430 
3 35186 35188 35189 68431 
3 35186 35189 35190 68432 
3 35186 35190 35080 68433 
3 35186 35080 35079 68434 
3 35186 35079 35085 68435 
3 35190 35189 35191 68436 
3 35190 35191 35192 68437 
3 35190 35192 35193 68438 
3 35190 35193 35074 68439 
3 35190 35194 35078 68440 
3 35190 35078 35080 68441 
3 35193 35192 35195 68442 
3 35193 35195 35196 68443 
3 35193 35196 35197 68444 
3 35193 35197 35069 68445 
3 35193 35069 35068 68446 
3 35193 35068 35074 68447 
3 35197 35196 35198 68448 
3 35197 35198 35199 68449 
3 35197 35199 35200 68450 
3 35197 35200 35063 68451 
3 35197 35063 35062 68452 
3 35197 35062 35069 68453 
3 35200 35199 35201 68454 
3 35200 35201 35202 68455 
3 35200 35202 35203 68456 
3 35200 35203 35058 68457 
3 35200 35058 35057 68458 
3 35200 35057 35063 68459 
3 35203 35202 35204 68460 
3 35203 35204 35205 68461 
3 35203 35205 35206 68462 
3 35203 35206 35053 68463 
3 35203 35207 35052 68464 
3 35203 35052 35058 68465 
3 35206 35205 35208 68466 
3 35206 35208 35209 68467 
3 35206 35209 35210 68468 
3 35206 35210 35048 68469 
3 35206 35048 35047 68470 
3 35206 35047 35053 68471 
3 35210 35209 35211 68472 
3 35210 35211 35212 68473 
3 35210 35212 35213 68474 
3 35210 35213 35042 68475 
3 35210 35214 35041 68476 
3 35210 35041 35048 68477 
3 35213 35212 35215 68478 
3 35213 35215 35216 68479 
3 35213 35216 35217 68480 
3 35213 35217 35037 68481 
3 35213 35037 35036 68482 
3 35213 35036 35042 68483 
3 35217 35216 35218 68484 
3 35217 35218 35219 68485 
3 35217 35219 35220 68486 
3 35217 35220 35032 68487 
3 35217 35032 35031 68488 
3 35217 35031 35037 68489 
3 35220 35219 35221 68490 
3 35220 35221 35222 68491 
3 35220 35222 35223 68492 
3 35220 35223 35027 68493 
3 35220 35027 35026 68494 
3 35220 35026 35032 68495 
3 35223 35222 35224 68496 
3 35223 35224 35225 68497 
3 35223 35225 35226 68498 
3 35223 35226 35020 68499 
3 35223 35020 35025 68500 
3 35223 35025 35027 68501 
3 35226 35225 35227 68502 
3 35226 35227 35228 68503 
3 35226 35228 35229 68504 
3 35226 35229 35015 68505 
3 35226 35015 35014 68506 
3 35226 35014 35020 68507 
3 35229 35228 35230 68508 
3 35229 35230 34987 68509 
3 35229 34987 35231 68510 
3 35229 35231 35010 68511 
3 35229 35010 35009 68512 
3 35229 35009 35015 68513 
3 35230 35000 34993 68514 
3 35230 34993 34992 68515 
3 35230 34992 34988 68516 
3 35230 34988 34987 68517 
3 35230 35228 35227 68518 
3 35230 35227 35000 68519 
3 35227 35232 35001 68520 
3 35227 35001 35000 68521 
3 35227 35225 35224 68522 
3 35227 35224 35006 68523 
3 35224 35011 35007 68524 
3 35224 35007 35006 68525 
3 35224 35222 35221 68526 
3 35224 35221 35011 68527 
3 35221 35233 35012 68528 
3 35221 35012 35011 68529 
3 35221 35219 35218 68530 
3 35221 35218 35016 68531 
3 35218 35021 35017 68532 
3 35218 35017 35016 68533 
3 35218 35216 35215 68534 
3 35218 35215 35021 68535 
3 35215 35234 35022 68536 
3 35215 35022 35021 68537 
3 35215 35212 35211 68538 
3 35215 35211 35028 68539 
3 35211 35235 35029 68540 
3 35211 35029 35028 68541 
3 35211 35209 35208 68542 
3 35211 35208 35033 68543 
3 35208 35038 35034 68544 
3 35208 35034 35033 68545 
3 35208 35205 35204 68546 
3 35208 35204 35038 68547 
3 35204 35043 35039 68548 
3 35204 35039 35038 68549 
3 35204 35202 35201 68550 
3 35204 35201 35043 68551 
3 35201 35049 35044 68552 
3 35201 35044 35043 68553 
3 35201 35199 35198 68554 
3 35201 35198 35049 68555 
3 35198 35054 35050 68556 
3 35198 35050 35049 68557 
3 35198 35196 35195 68558 
3 35198 35195 35054 68559 
3 35195 35059 35055 68560 
3 35195 35055 35054 68561 
3 35195 35192 35191 68562 
3 35195 35191 35059 68563 
3 35191 35236 35060 68564 
3 35191 35060 35059 68565 
3 35191 35189 35188 68566 
3 35191 35188 35064 68567 
3 35188 35237 35065 68568 
3 35188 35065 35064 68569 
3 35188 35185 35184 68570 
3 35188 35184 35070 68571 
3 35184 35075 35071 68572 
3 35184 35071 35070 68573 
3 35184 35181 35180 68574 
3 35184 35180 35075 68575 
3 35180 35238 35076 68576 
3 35180 35076 35075 68577 
3 35180 35178 35177 68578 
3 35180 35177 35081 68579 
3 35177 35086 35082 68580 
3 35177 35082 35081 68581 
3 35177 35175 35174 68582 
3 35177 35174 35086 68583 
3 35174 35091 35087 68584 
3 35174 35087 35086 68585 
3 35174 35172 35171 68586 
3 35174 35171 35091 68587 
3 35171 35096 35092 68588 
3 35171 35092 35091 68589 
3 35171 35169 35168 68590 
3 35171 35168 35096 68591 
3 35168 35101 35097 68592 
3 35168 35097 35096 68593 
3 35168 35166 35165 68594 
3 35168 35165 35101 68595 
3 35165 35106 35102 68596 
3 35165 35102 35101 68597 
3 35165 35163 35162 68598 
3 35165 35162 35106 68599 
3 35162 35111 35107 68600 
3 35162 35107 35106 68601 
3 35162 35160 35159 68602 
3 35162 35159 35111 68603 
3 35159 35116 35112 68604 
3 35159 35112 35111 68605 
3 35159 35157 35156 68606 
3 35159 35156 35116 68607 
3 35156 35122 35117 68608 
3 35156 35117 35116 68609 
3 35156 35153 35152 68610 
3 35156 35152 35122 68611 
3 35152 35127 35123 68612 
3 35152 35123 35122 68613 
3 35152 35150 35149 68614 
3 35152 35149 35127 68615 
3 35149 35132 35128 68616 
3 35149 35128 35127 68617 
3 35149 35147 35239 68618 
3 35149 35239 35132 68619 
3 35239 35240 35133 68620 
3 35239 35133 35132 68621 
3 35239 35147 35146 68622 
3 35239 35146 35241 68623 
3 35239 35241 35242 68624 
3 35239 35242 35137 68625 
3 35242 35142 35138 68626 
3 35242 35138 35137 68627 
3 35242 35241 34962 68628 
3 35242 34962 34954 68629 
3 35242 34954 34953 68630 
3 35242 34953 35142 68631 
3 35241 35146 34963 68632 
3 35241 34963 34962 68633 
3 35143 35142 34953 68634 
3 35143 34953 34955 68635 
3 35010 34986 35005 68636 
3 35010 35005 35004 68637 
3 35005 35231 34982 68638 
3 35005 34982 35243 68639 
3 35005 35243 34999 68640 
3 35005 34999 35003 68641 
3 35243 34982 34985 68642 
3 35243 34985 35244 68643 
3 35243 35244 35245 68644 
3 35243 35245 34999 68645 
3 35245 35244 34976 68646 
3 35245 34976 34979 68647 
3 35245 34975 34978 68648 
3 35245 34978 34996 68649 
3 35245 34996 34995 68650 
3 35245 34995 34999 68651 
3 35244 35246 35247 68652 
3 35244 35247 34976 68653 
3 35247 35248 34973 68654 
3 35247 34973 34970 68655 
3 35247 34972 34969 68656 
3 35247 34969 34976 68657 
3 35247 34985 34984 68658 
3 35247 34984 35248 68659 
3 35248 35249 34980 68660 
3 35248 34980 34973 68661 
3 35248 34984 34994 68662 
3 35248 34994 34981 68663 
3 34996 34978 34981 68664 
3 34996 34981 34994 68665 
3 34962 34957 34950 68666 
3 34962 34950 34954 68667 
3 40230 40231 40232 77994 
3 40230 40232 40233 77995 
3 40230 40234 40235 77996 
3 40230 40235 40231 77997 
3 40230 40233 40236 77998 
3 40230 40236 40234 77999 
3 40232 40237 40238 78000 
3 40232 40238 40233 78001 
3 40232 40231 40239 78002 
3 40232 40239 40237 78003 
3 40240 40241 40242 78004 
3 40240 40242 40243 78005 
3 40240 40244 40245 78006 
3 40240 40245 40241 78007 
3 40246 40247 40248 78008 
3 40246 40248 40249 78009 
3 40246 40249 40250 78010 
3 40246 40250 40251 78011 
3 40246 40251 40252 78012 
3 40246 40252 40247 78013 
3 40253 40254 40255 78014 
3 40253 40255 40256 78015 
3 40253 40257 40258 78016 
3 40253 40258 40254 78017 
3 40250 40249 40259 78018 
3 40250 40259 40260 78019 
3 40250 40260 40261 78020 
3 40250 40261 40251 78021 
3 40262 40263 40258 78022 
3 40262 40258 40257 78023 
3 40262 40264 40265 78024 
3 40262 40265 40263 78025 
3 40262 40256 40266 78026 
3 40262 40266 40264 78027 
3 40266 40256 40255 78028 
3 40266 40255 40267 78029 
3 40266 40268 40269 78030 
3 40266 40269 40264 78031 
3 40266 40270 40271 78032 
3 40266 40271 40268 78033 
3 40271 40267 40272 78034 
3 40271 40272 40273 78035 
3 40271 40274 40275 78036 
3 40271 40275 40268 78037 
3 40271 40273 40276 78038 
3 40271 40276 40274 78039 
3 40276 40273 40277 78040 
3 40276 40277 40278 78041 
3 40276 40279 40280 78042 
3 40276 40280 40274 78043 
3 40276 40278 40281 78044 
3 40276 40281 40279 78045 
3 40281 40278 40282 78046 
3 40281 40282 40283 78047 
3 40281 40284 40285 78048 
3 40281 40285 40279 78049 
3 40281 40283 40286 78050 
3 40281 40286 40284 78051 
3 40286 40283 40287 78052 
3 40286 40287 40288 78053 
3 40286 40289 40290 78054 
3 40286 40290 40284 78055 
3 40286 40288 40291 78056 
3 40286 40291 40289 78057 
3 40291 40288 40292 78058 
3 40291 40292 40293 78059 
3 40291 40294 40295 78060 
3 40291 40295 40289 78061 
3 40291 40293 40296 78062 
3 40291 40296 40294 78063 
3 40296 40297 40298 78064 
3 40296 40298 40299 78065 
3 40296 40300 40301 78066 
3 40296 40301 40294 78067 
3 40296 40299 40302 78068 
3 40296 40302 40300 78069 
3 40302 40299 40303 78070 
3 40302 40303 40304 78071 
3 40302 40243 40242 78072 
3 40302 40242 40300 78073 
3 40302 40304 40305 78074 
3 40302 40305 40243 78075 
3 40303 40306 40307 78076 
3 40303 40307 40308 78077 
3 40303 40299 40298 78078 
3 40303 40298 40306 78079 
3 40303 40308 40309 78080 
3 40303 40309 40304 78081 
3 40309 40308 40310 78082 
3 40309 40310 40311 78083 
3 40309 40312 40305 78084 
3 40309 40305 40304 78085 
3 40309 40311 40313 78086 
3 40309 40313 40312 78087 
3 40313 40311 40314 78088 
3 40313 40314 40236 78089 
3 40313 40238 40245 78090 
3 40313 40245 40312 78091 
3 40313 40236 40233 78092 
3 40313 40233 40238 78093 
3 40314 40315 40290 78094 
3 40314 40290 40316 78095 
3 40314 40311 40310 78096 
3 40314 40310 40315 78097 
3 40314 40316 40234 78098 
3 40314 40234 40236 78099 
3 40315 40317 40284 78100 
3 40315 40284 40290 78101 
3 40315 40310 40318 78102 
3 40315 40318 40285 78103 
3 40318 40319 40279 78104 
3 40318 40279 40285 78105 
3 40318 40307 40320 78106 
3 40318 40320 40280 78107 
3 40318 40310 40308 78108 
3 40318 40308 40307 78109 
3 40320 40275 40274 78110 
3 40320 40274 40280 78111 
3 40320 40321 40322 78112 
3 40320 40322 40275 78113 
3 40320 40307 40306 78114 
3 40320 40306 40321 78115 
3 40321 40323 40324 78116 
3 40321 40324 40322 78117 
3 40321 40306 40298 78118 
3 40321 40298 40323 78119 
3 40323 40292 40325 78120 
3 40323 40325 40324 78121 
3 40323 40298 40293 78122 
3 40323 40293 40292 78123 
3 40325 40326 40327 78124 
3 40325 40327 40324 78125 
3 40325 40287 40328 78126 
3 40325 40328 40326 78127 
3 40325 40292 40288 78128 
3 40325 40288 40287 78129 
3 40328 40329 40330 78130 
3 40328 40330 40326 78131 
3 40328 40282 40331 78132 
3 40328 40331 40329 78133 
3 40328 40287 40283 78134 
3 40328 40283 40282 78135 
3 40331 40247 40252 78136 
3 40331 40252 40329 78137 
3 40331 40277 40248 78138 
3 40331 40248 40247 78139 
3 40331 40282 40278 78140 
3 40331 40278 40277 78141 
3 40329 40252 40332 78142 
3 40329 40332 40330 78143 
3 40332 40261 40258 78144 
3 40332 40258 40263 78145 
3 40332 40252 40251 78146 
3 40332 40251 40261 78147 
3 40332 40263 40265 78148 
3 40332 40265 40330 78149 
3 40330 40265 40327 78150 
3 40330 40327 40326 78151 
3 40327 40265 40264 78152 
3 40327 40264 40269 78153 
3 40327 40269 40322 78154 
3 40327 40322 40324 78155 
3 40322 40269 40268 78156 
3 40322 40268 40275 78157 
3 40316 40290 40289 78158 
3 40316 40289 40295 78159 
3 40316 40295 40235 78160 
3 40316 40235 40234 78161 
3 40312 40245 40244 78162 
3 40312 40244 40305 78163 
3 40300 40242 40239 78164 
3 40300 40239 40301 78165 
3 40301 40235 40295 78166 
3 40301 40295 40294 78167 
3 40301 40239 40231 78168 
3 40301 40231 40235 78169 
3 40277 40273 40272 78170 
3 40277 40272 40248 78171 
3 40272 40259 40249 78172 
3 40272 40249 40248 78173 
3 40272 40267 40255 78174 
3 40272 40255 40259 78175 
3 40261 40260 40254 78176 
3 40261 40254 40258 78177 
3 40259 40255 40254 78178 
3 40259 40254 40260 78179 
3 40257 40253 40256 78180 
3 40257 40256 40262 78181 
3 40245 40238 40237 78182 
3 40245 40237 40241 78183 
3 40241 40237 40239 78184 
3 40241 40239 40242 78185 
3 40244 40240 40243 78186 
3 40244 40243 40305 78187 
3 40333 40334 40335 78188 
3 40333 40335 40336 78189 
3 40333 40336 40337 78190 
3 40333 40337 40338 78191 
3 40333 40338 40339 78192 
3 40333 40339 40340 78193 
3 40341 40342 40343 78194 
3 40341 40343 40344 78195 
3 40341 40344 40336 78196 
3 40341 40336 40335 78197 
3 40341 40335 40345 78198 
3 40341 40345 40342 78199 
3 40340 40339 40345 78200 
3 40340 40345 40335 78201 
3 40343 40346 40347 78202 
3 40343 40347 40344 78203 
3 40343 40342 40348 78204 
3 40343 40348 40346 78205 
3 40349 40350 40351 78206 
3 40349 40351 40352 78207 
3 40349 40352 40353 78208 
3 40349 40353 40354 78209 
3 40349 40354 40355 78210 
3 40349 40355 40350 78211 
3 40352 40351 40356 78212 
3 40352 40356 40353 78213 
3 40350 40355 40357 78214 
3 40350 40357 40351 78215 
3 40355 40354 40358 78216 
3 40355 40358 40359 78217 
3 40355 40359 40360 78218 
3 40355 40360 40361 78219 
3 40355 40361 40362 78220 
3 40355 40362 40357 78221 
3 40357 40362 40356 78222 
3 40357 40356 40351 78223 
3 40361 40360 40363 78224 
3 40361 40363 40362 78225 
3 40364 40365 40366 78226 
3 40364 40366 40367 78227 
3 40364 40368 40369 78228 
3 40364 40369 40370 78229 
3 40364 40367 40371 78230 
3 40364 40371 40368 78231 
3 40371 40372 40373 78232 
3 40371 40373 40374 78233 
3 40371 40374 40375 78234 
3 40371 40375 40368 78235 
3 40374 40373 40376 78236 
3 40374 40376 40375 78237 
3 40373 40367 40366 78238 
3 40373 40366 40377 78239 
3 40373 40377 40378 78240 
3 40373 40378 40379 78241 
3 40373 40379 40380 78242 
3 40373 40380 40376 78243 
3 40380 40379 40381 78244 
3 40380 40381 40382 78245 
3 40380 40383 40384 78246 
3 40380 40384 40376 78247 
3 40380 40382 40385 78248 
3 40380 40385 40383 78249 
3 40385 40382 40386 78250 
3 40385 40386 40387 78251 
3 40385 40388 40389 78252 
3 40385 40389 40383 78253 
3 40385 40387 40390 78254 
3 40385 40390 40391 78255 
3 40390 40392 40393 78256 
3 40390 40393 40394 78257 
3 40390 40395 40396 78258 
3 40390 40396 40391 78259 
3 40390 40397 40398 78260 
3 40390 40398 40395 78261 
3 40398 40394 40399 78262 
3 40398 40399 40400 78263 
3 40398 40401 40402 78264 
3 40398 40402 40395 78265 
3 40398 40400 40403 78266 
3 40398 40403 40401 78267 
3 40403 40404 40405 78268 
3 40403 40405 40406 78269 
3 40403 40407 40408 78270 
3 40403 40408 40401 78271 
3 40403 40406 40409 78272 
3 40403 40409 40407 78273 
3 40409 40406 40410 78274 
3 40409 40410 40411 78275 
3 40409 40412 40413 78276 
3 40409 40413 40407 78277 
3 40409 40411 40414 78278 
3 40409 40414 40412 78279 
3 40414 40411 40415 78280 
3 40414 40415 40416 78281 
3 40414 40417 40418 78282 
3 40414 40418 40412 78283 
3 40414 40416 40419 78284 
3 40414 40419 40417 78285 
3 40419 40416 40420 78286 
3 40419 40420 40421 78287 
3 40419 40422 40423 78288 
3 40419 40423 40417 78289 
3 40419 40421 40424 78290 
3 40419 40424 40422 78291 
3 40424 40421 40425 78292 
3 40424 40425 40426 78293 
3 40424 40427 40428 78294 
3 40424 40428 40422 78295 
3 40424 40426 40429 78296 
3 40424 40429 40427 78297 
3 40429 40426 40430 78298 
3 40429 40430 40431 78299 
3 40429 40432 40433 78300 
3 40429 40433 40427 78301 
3 40429 40431 40434 78302 
3 40429 40434 40432 78303 
3 40434 40431 40435 78304 
3 40434 40435 40436 78305 
3 40434 40437 40438 78306 
3 40434 40438 40432 78307 
3 40434 40436 40439 78308 
3 40434 40439 40437 78309 
3 40439 40436 40440 78310 
3 40439 40440 40441 78311 
3 40439 40442 40443 78312 
3 40439 40443 40437 78313 
3 40439 40441 40444 78314 
3 40439 40444 40442 78315 
3 40444 40441 40445 78316 
3 40444 40445 40446 78317 
3 40444 40447 40448 78318 
3 40444 40448 40442 78319 
3 40444 40449 40450 78320 
3 40444 40450 40447 78321 
3 40450 40446 40451 78322 
3 40450 40451 40452 78323 
3 40450 40453 40454 78324 
3 40450 40454 40447 78325 
3 40450 40452 40455 78326 
3 40450 40455 40453 78327 
3 40455 40456 40457 78328 
3 40455 40457 40458 78329 
3 40455 40459 40460 78330 
3 40455 40460 40453 78331 
3 40455 40461 40462 78332 
3 40455 40462 40459 78333 
3 40462 40458 40463 78334 
3 40462 40463 40464 78335 
3 40462 40465 40466 78336 
3 40462 40466 40459 78337 
3 40462 40464 40467 78338 
3 40462 40467 40465 78339 
3 40467 40464 40468 78340 
3 40467 40468 40469 78341 
3 40467 40470 40471 78342 
3 40467 40471 40465 78343 
3 40467 40472 40473 78344 
3 40467 40473 40470 78345 
3 40473 40469 40474 78346 
3 40473 40474 40475 78347 
3 40473 40476 40477 78348 
3 40473 40477 40470 78349 
3 40473 40475 40478 78350 
3 40473 40478 40476 78351 
3 40478 40475 40479 78352 
3 40478 40479 40480 78353 
3 40478 40481 40482 78354 
3 40478 40482 40476 78355 
3 40478 40480 40483 78356 
3 40478 40483 40481 78357 
3 40483 40480 40484 78358 
3 40483 40484 40485 78359 
3 40483 40486 40487 78360 
3 40483 40487 40481 78361 
3 40483 40485 40488 78362 
3 40483 40488 40486 78363 
3 40488 40485 40489 78364 
3 40488 40489 40490 78365 
3 40488 40491 40492 78366 
3 40488 40492 40486 78367 
3 40488 40493 40494 78368 
3 40488 40494 40491 78369 
3 40494 40490 40495 78370 
3 40494 40495 40496 78371 
3 40494 40497 40498 78372 
3 40494 40498 40491 78373 
3 40494 40496 40499 78374 
3 40494 40499 40497 78375 
3 40499 40496 40500 78376 
3 40499 40500 40501 78377 
3 40499 40502 40503 78378 
3 40499 40503 40497 78379 
3 40499 40504 40505 78380 
3 40499 40505 40502 78381 
3 40505 40501 40506 78382 
3 40505 40506 40507 78383 
3 40505 40508 40509 78384 
3 40505 40509 40502 78385 
3 40505 40507 40510 78386 
3 40505 40510 40508 78387 
3 40510 40511 40512 78388 
3 40510 40512 40513 78389 
3 40510 40514 40515 78390 
3 40510 40515 40508 78391 
3 40510 40516 40517 78392 
3 40510 40517 40514 78393 
3 40517 40513 40518 78394 
3 40517 40518 40519 78395 
3 40517 40520 40521 78396 
3 40517 40521 40514 78397 
3 40517 40519 40522 78398 
3 40517 40522 40520 78399 
3 40522 40523 40524 78400 
3 40522 40524 40525 78401 
3 40522 40526 40527 78402 
3 40522 40527 40520 78403 
3 40522 40525 40528 78404 
3 40522 40528 40526 78405 
3 40528 40525 40529 78406 
3 40528 40529 40530 78407 
3 40528 40531 40532 78408 
3 40528 40532 40526 78409 
3 40528 40530 40533 78410 
3 40528 40533 40531 78411 
3 40533 40530 40534 78412 
3 40533 40534 40348 78413 
3 40533 40345 40339 78414 
3 40533 40339 40531 78415 
3 40533 40348 40342 78416 
3 40533 40342 40345 78417 
3 40534 40535 40536 78418 
3 40534 40536 40537 78419 
3 40534 40530 40529 78420 
3 40534 40529 40535 78421 
3 40534 40537 40346 78422 
3 40534 40346 40348 78423 
3 40535 40538 40539 78424 
3 40535 40539 40536 78425 
3 40535 40529 40540 78426 
3 40535 40540 40538 78427 
3 40540 40541 40542 78428 
3 40540 40542 40538 78429 
3 40540 40524 40543 78430 
3 40540 40543 40544 78431 
3 40540 40529 40525 78432 
3 40540 40525 40524 78433 
3 40543 40545 40546 78434 
3 40543 40546 40544 78435 
3 40543 40518 40547 78436 
3 40543 40547 40545 78437 
3 40543 40524 40519 78438 
3 40543 40519 40518 78439 
3 40547 40548 40549 78440 
3 40547 40549 40545 78441 
3 40547 40512 40550 78442 
3 40547 40550 40551 78443 
3 40547 40518 40513 78444 
3 40547 40513 40512 78445 
3 40550 40552 40553 78446 
3 40550 40553 40551 78447 
3 40550 40554 40555 78448 
3 40550 40555 40552 78449 
3 40550 40512 40507 78450 
3 40550 40507 40506 78451 
3 40555 40556 40557 78452 
3 40555 40557 40552 78453 
3 40555 40500 40558 78454 
3 40555 40558 40559 78455 
3 40555 40554 40501 78456 
3 40555 40501 40500 78457 
3 40558 40560 40561 78458 
3 40558 40561 40559 78459 
3 40558 40495 40562 78460 
3 40558 40562 40560 78461 
3 40558 40500 40496 78462 
3 40558 40496 40495 78463 
3 40562 40563 40564 78464 
3 40562 40564 40560 78465 
3 40562 40489 40565 78466 
3 40562 40565 40563 78467 
3 40562 40495 40490 78468 
3 40562 40490 40489 78469 
3 40565 40566 40567 78470 
3 40565 40567 40563 78471 
3 40565 40568 40569 78472 
3 40565 40569 40566 78473 
3 40565 40489 40485 78474 
3 40565 40485 40484 78475 
3 40569 40570 40571 78476 
3 40569 40571 40566 78477 
3 40569 40479 40572 78478 
3 40569 40572 40570 78479 
3 40569 40568 40480 78480 
3 40569 40480 40479 78481 
3 40572 40573 40574 78482 
3 40572 40574 40570 78483 
3 40572 40474 40575 78484 
3 40572 40575 40573 78485 
3 40572 40479 40475 78486 
3 40572 40475 40474 78487 
3 40575 40576 40577 78488 
3 40575 40577 40573 78489 
3 40575 40468 40578 78490 
3 40575 40578 40576 78491 
3 40575 40474 40469 78492 
3 40575 40469 40468 78493 
3 40578 40579 40580 78494 
3 40578 40580 40576 78495 
3 40578 40463 40581 78496 
3 40578 40581 40579 78497 
3 40578 40468 40464 78498 
3 40578 40464 40463 78499 
3 40581 40582 40583 78500 
3 40581 40583 40579 78501 
3 40581 40457 40584 78502 
3 40581 40584 40585 78503 
3 40581 40463 40458 78504 
3 40581 40458 40457 78505 
3 40584 40586 40587 78506 
3 40584 40587 40585 78507 
3 40584 40451 40588 78508 
3 40584 40588 40586 78509 
3 40584 40457 40452 78510 
3 40584 40452 40451 78511 
3 40588 40589 40590 78512 
3 40588 40590 40586 78513 
3 40588 40445 40591 78514 
3 40588 40591 40592 78515 
3 40588 40451 40446 78516 
3 40588 40446 40445 78517 
3 40591 40593 40594 78518 
3 40591 40594 40592 78519 
3 40591 40595 40596 78520 
3 40591 40596 40593 78521 
3 40591 40445 40441 78522 
3 40591 40441 40440 78523 
3 40596 40597 40598 78524 
3 40596 40598 40593 78525 
3 40596 40435 40599 78526 
3 40596 40599 40597 78527 
3 40596 40595 40436 78528 
3 40596 40436 40435 78529 
3 40599 40600 40601 78530 
3 40599 40601 40597 78531 
3 40599 40430 40602 78532 
3 40599 40602 40600 78533 
3 40599 40435 40431 78534 
3 40599 40431 40430 78535 
3 40602 40603 40604 78536 
3 40602 40604 40600 78537 
3 40602 40425 40605 78538 
3 40602 40605 40603 78539 
3 40602 40430 40426 78540 
3 40602 40426 40425 78541 
3 40605 40606 40607 78542 
3 40605 40607 40603 78543 
3 40605 40420 40608 78544 
3 40605 40608 40606 78545 
3 40605 40425 40421 78546 
3 40605 40421 40420 78547 
3 40608 40609 40610 78548 
3 40608 40610 40606 78549 
3 40608 40415 40611 78550 
3 40608 40611 40609 78551 
3 40608 40420 40416 78552 
3 40608 40416 40415 78553 
3 40611 40612 40613 78554 
3 40611 40613 40609 78555 
3 40611 40410 40614 78556 
3 40611 40614 40612 78557 
3 40611 40415 40411 78558 
3 40611 40411 40410 78559 
3 40614 40615 40616 78560 
3 40614 40616 40612 78561 
3 40614 40405 40617 78562 
3 40614 40617 40615 78563 
3 40614 40410 40406 78564 
3 40614 40406 40405 78565 
3 40617 40618 40619 78566 
3 40617 40619 40615 78567 
3 40617 40399 40620 78568 
3 40617 40620 40618 78569 
3 40617 40405 40400 78570 
3 40617 40400 40399 78571 
3 40620 40369 40621 78572 
3 40620 40621 40618 78573 
3 40620 40393 40370 78574 
3 40620 40370 40369 78575 
3 40620 40399 40394 78576 
3 40620 40394 40393 78577 
3 40621 40375 40376 78578 
3 40621 40376 40384 78579 
3 40621 40369 40368 78580 
3 40621 40368 40375 78581 
3 40621 40384 40619 78582 
3 40621 40619 40618 78583 
3 40619 40384 40383 78584 
3 40619 40383 40389 78585 
3 40619 40389 40616 78586 
3 40619 40616 40615 78587 
3 40616 40622 40391 78588 
3 40616 40391 40396 78589 
3 40616 40396 40613 78590 
3 40616 40613 40612 78591 
3 40613 40396 40395 78592 
3 40613 40395 40402 78593 
3 40613 40402 40610 78594 
3 40613 40610 40609 78595 
3 40610 40402 40401 78596 
3 40610 40401 40408 78597 
3 40610 40408 40607 78598 
3 40610 40607 40606 78599 
3 40607 40408 40407 78600 
3 40607 40407 40413 78601 
3 40607 40413 40604 78602 
3 40607 40604 40603 78603 
3 40604 40413 40412 78604 
3 40604 40412 40418 78605 
3 40604 40418 40601 78606 
3 40604 40601 40600 78607 
3 40601 40418 40417 78608 
3 40601 40417 40423 78609 
3 40601 40423 40598 78610 
3 40601 40598 40597 78611 
3 40598 40623 40422 78612 
3 40598 40422 40428 78613 
3 40598 40428 40594 78614 
3 40598 40594 40593 78615 
3 40594 40428 40427 78616 
3 40594 40427 40433 78617 
3 40594 40433 40590 78618 
3 40594 40590 40592 78619 
3 40590 40624 40432 78620 
3 40590 40432 40438 78621 
3 40590 40438 40587 78622 
3 40590 40587 40586 78623 
3 40587 40625 40437 78624 
3 40587 40437 40443 78625 
3 40587 40443 40583 78626 
3 40587 40583 40585 78627 
3 40583 40443 40442 78628 
3 40583 40442 40448 78629 
3 40583 40448 40580 78630 
3 40583 40580 40579 78631 
3 40580 40626 40447 78632 
3 40580 40447 40454 78633 
3 40580 40454 40577 78634 
3 40580 40577 40576 78635 
3 40577 40454 40453 78636 
3 40577 40453 40460 78637 
3 40577 40460 40574 78638 
3 40577 40574 40573 78639 
3 40574 40460 40459 78640 
3 40574 40459 40466 78641 
3 40574 40466 40571 78642 
3 40574 40571 40570 78643 
3 40571 40466 40465 78644 
3 40571 40465 40471 78645 
3 40571 40471 40567 78646 
3 40571 40567 40566 78647 
3 40567 40471 40470 78648 
3 40567 40470 40477 78649 
3 40567 40477 40564 78650 
3 40567 40564 40563 78651 
3 40564 40477 40476 78652 
3 40564 40476 40482 78653 
3 40564 40482 40561 78654 
3 40564 40561 40560 78655 
3 40561 40482 40481 78656 
3 40561 40481 40487 78657 
3 40561 40487 40557 78658 
3 40561 40557 40559 78659 
3 40557 40487 40486 78660 
3 40557 40486 40492 78661 
3 40557 40492 40553 78662 
3 40557 40553 40552 78663 
3 40553 40492 40491 78664 
3 40553 40491 40498 78665 
3 40553 40498 40549 78666 
3 40553 40549 40551 78667 
3 40549 40498 40497 78668 
3 40549 40497 40503 78669 
3 40549 40503 40546 78670 
3 40549 40546 40545 78671 
3 40546 40627 40502 78672 
3 40546 40502 40509 78673 
3 40546 40509 40542 78674 
3 40546 40542 40544 78675 
3 40542 40628 40508 78676 
3 40542 40508 40515 78677 
3 40542 40515 40539 78678 
3 40542 40539 40538 78679 
3 40539 40515 40514 78680 
3 40539 40514 40521 78681 
3 40539 40521 40629 78682 
3 40539 40629 40536 78683 
3 40629 40521 40520 78684 
3 40629 40520 40527 78685 
3 40629 40630 40537 78686 
3 40629 40537 40536 78687 
3 40629 40527 40631 78688 
3 40629 40631 40630 78689 
3 40631 40527 40526 78690 
3 40631 40526 40532 78691 
3 40631 40337 40347 78692 
3 40631 40347 40630 78693 
3 40631 40532 40338 78694 
3 40631 40338 40337 78695 
3 40630 40347 40346 78696 
3 40630 40346 40537 78697 
3 40531 40339 40338 78698 
3 40531 40338 40532 78699 
3 40393 40392 40386 78700 
3 40393 40386 40370 78701 
3 40386 40632 40364 78702 
3 40386 40364 40370 78703 
3 40386 40382 40381 78704 
3 40386 40381 40632 78705 
3 40632 40633 40365 78706 
3 40632 40365 40364 78707 
3 40632 40634 40635 78708 
3 40632 40635 40633 78709 
3 40635 40359 40358 78710 
3 40635 40358 40633 78711 
3 40635 40378 40360 78712 
3 40635 40360 40359 78713 
3 40635 40381 40379 78714 
3 40635 40379 40378 78715 
3 40633 40636 40637 78716 
3 40633 40637 40365 78717 
3 40637 40353 40356 78718 
3 40637 40356 40638 78719 
3 40637 40636 40354 78720 
3 40637 40354 40353 78721 
3 40637 40638 40366 78722 
3 40637 40366 40365 78723 
3 40638 40639 40362 78724 
3 40638 40362 40363 78725 
3 40638 40363 40377 78726 
3 40638 40377 40366 78727 
3 40378 40377 40363 78728 
3 40378 40363 40360 78729 
3 40347 40337 40336 78730 
3 40347 40336 40344 78731 
