3 38849 38854 38850 74731 
3 38878 38882 38883 74754 
3 38878 38883 38880 74755 
3 38878 38875 38874 74756 
3 38878 38874 38882 74757 
3 38910 38912 38913 74810 
3 38910 38913 38911 74811 
3 38910 38880 38883 74812 
3 38910 38883 38912 74813 
3 38936 38938 38939 74860 
3 38936 38939 38937 74861 
3 38936 38911 38913 74862 
3 38936 38913 38938 74863 
3 38939 38850 38854 74868 
3 38939 38854 38937 74869 
3 38956 38961 38962 74932 
3 38956 38962 38957 74933 
3 39077 39073 39078 75062 
3 39077 39078 39079 75063 
3 39077 39079 39082 75066 
3 39077 39082 39083 75067 
3 39082 39087 39088 75070 
3 39082 39088 39083 75071 
3 39127 39124 39129 75116 
3 39127 39129 39130 75117 
3 39127 39130 39133 75120 
3 39127 39133 39131 75121 
3 39133 39136 39137 75124 
3 39133 39137 39131 75125 
3 39156 39123 39159 75164 
3 39156 39159 39157 75165 
3 39156 39129 39124 75166 
3 39156 39124 39123 75167 
3 39159 39160 39161 75168 
3 39159 39161 39157 75169 
3 39277 39275 39093 75398 
3 39277 39093 39278 75399 
3 39277 39278 39279 75402 
3 39277 39279 39164 75403 
3 39279 39161 39160 75406 
3 39279 39160 39164 75407 
3 39275 39088 39087 75472 
3 39275 39087 39093 75473 
3 39136 38962 38964 75510 
3 39136 38964 39137 75511 
