3 33350 33352 33353 64690 
3 33350 33353 33354 64691 
3 33350 33355 33345 64692 
3 33350 33345 33344 64693 
3 33381 33380 33383 64746 
3 33381 33383 33384 64747 
3 33381 33384 33353 64748 
3 33381 33353 33352 64749 
3 33409 33408 33410 64796 
3 33409 33410 33411 64797 
3 33409 33411 33383 64798 
3 33409 33383 33380 64799 
3 33410 33408 33325 64804 
3 33429 33434 33435 64868 
3 33429 33435 33436 64869 
3 33543 33547 33548 65002 
3 33548 33547 33551 65006 
3 33548 33551 33552 65007 
3 33589 33590 33591 65052 
3 33589 33591 33585 65053 
3 33589 33593 33594 65056 
3 33589 33594 33590 65057 
3 33594 33593 33597 65060 
3 33594 33597 33598 65061 
3 33616 33619 33620 65100 
3 33616 33620 33586 65101 
3 33616 33586 33585 65102 
3 33616 33585 33591 65103 
3 33620 33619 33621 65104 
3 33620 33621 33622 65105 
3 33620 33580 33586 65109 
3 33728 33730 33557 65334 
3 33728 33557 33729 65335 
3 33728 33624 33731 65338 
3 33728 33731 33730 65339 
3 33731 33624 33622 65342 
3 33731 33622 33621 65343 
3 33729 33752 33552 65408 
3 33729 33552 33551 65409 
3 33598 33597 33436 65446 
3 33598 33436 33435 65447 
