3 38834 38835 38836 74712 
3 38834 38836 38837 74713 
3 38834 38838 38839 74714 
3 38834 38839 38835 74715 
3 38891 38892 38893 74772 
3 38891 38893 38890 74773 
3 38891 38863 38892 74775 
3 38919 38921 38922 74828 
3 38919 38922 38920 74829 
3 38919 38890 38893 74830 
3 38919 38893 38921 74831 
3 38944 38839 38838 74896 
3 38944 38838 38945 74897 
3 38944 38945 38920 74898 
3 38944 38920 38922 74899 
3 39094 39091 39096 75080 
3 39094 39096 39097 75081 
3 39094 39097 39100 75084 
3 39094 39100 39098 75085 
3 39100 39103 39104 75088 
3 39100 39104 39098 75089 
3 39143 39141 39144 75134 
3 39143 39144 38948 75135 
3 39143 38948 38947 75138 
3 39143 38947 38952 75139 
3 39144 39141 39140 75142 
3 39144 39140 39145 75143 
3 39145 39140 39150 75148 
3 39145 39150 39148 75149 
3 39150 39151 39152 75150 
3 39150 39152 39148 75151 
3 39175 39090 39178 75200 
3 39175 39178 39176 75201 
3 39175 39096 39091 75202 
3 39175 39091 39090 75203 
3 39178 39180 39176 75205 
3 39284 39285 39109 75416 
3 39284 39109 39286 75417 
3 39284 39286 39287 75420 
3 39284 39287 39155 75421 
3 39287 39152 39151 75424 
3 39287 39151 39155 75425 
3 39282 39104 39103 75466 
3 39282 39103 39109 75467 
