3 33306 33307 33308 64648 
3 33306 33308 33309 64649 
3 33306 33309 33310 64650 
3 33306 33310 33311 64651 
3 33308 33307 33314 64654 
3 33362 33361 33363 64708 
3 33362 33363 33364 64709 
3 33362 33364 33333 64710 
3 33391 33392 33393 64764 
3 33391 33393 33394 64765 
3 33391 33394 33363 64766 
3 33391 33363 33361 64767 
3 33416 33417 33311 64832 
3 33416 33311 33310 64833 
3 33416 33393 33390 64834 
3 33416 33390 33417 64835 
3 33419 33421 33422 64857 
3 33564 33565 33566 65022 
3 33564 33566 33560 65023 
3 33564 33568 33569 65026 
3 33564 33569 33565 65027 
3 33569 33568 33572 65030 
3 33569 33572 33573 65031 
3 33604 33605 33606 65076 
3 33604 33606 33607 65077 
3 33604 33422 33421 65080 
3 33604 33421 33605 65081 
3 33607 33606 33608 65082 
3 33607 33608 33609 65083 
3 33630 33633 33634 65124 
3 33634 33561 33560 65132 
3 33634 33560 33566 65133 
3 33739 33740 33577 65358 
3 33739 33577 33738 65359 
3 33739 33611 33741 65362 
3 33739 33741 33740 65363 
3 33741 33611 33609 65366 
3 33741 33609 33608 65367 
3 33738 33577 33573 65400 
3 33738 33573 33572 65401 
