3 35114 35119 35120 67933 
3 35131 35132 35133 67944 
3 35131 35133 35134 67945 
3 35172 35174 35175 67982 
3 35172 35175 35173 67983 
3 35172 35177 35178 67986 
3 35172 35178 35174 67987 
3 35178 35177 35181 67990 
3 35178 35181 35182 67991 
3 35230 35134 35133 68074 
3 35230 35133 35168 68075 
3 35230 35231 35173 68076 
3 35230 35173 35175 68077 
3 35211 35187 35182 68094 
3 35211 35182 35181 68095 
3 35211 35233 35119 68096 
3 35211 35119 35187 68097 
3 35237 35240 35244 68128 
3 35237 35244 35241 68129 
3 35392 35393 35394 68294 
3 35392 35394 35388 68295 
3 35392 35396 35397 68298 
3 35392 35397 35393 68299 
3 35397 35396 35400 68302 
3 35397 35400 35401 68303 
3 35428 35429 35430 68336 
3 35428 35430 35424 68337 
3 35428 35432 35433 68340 
3 35428 35433 35429 68341 
3 35433 35432 35436 68344 
3 35433 35436 35437 68345 
3 35449 35452 35453 68372 
3 35449 35453 35425 68373 
3 35449 35425 35424 68374 
3 35449 35424 35430 68375 
3 35453 35452 35454 68376 
3 35453 35454 35455 68377 
3 35471 35473 35474 68414 
3 35471 35474 35389 68415 
3 35471 35389 35388 68416 
3 35471 35388 35394 68417 
3 35474 35473 35475 68418 
3 35457 35406 35401 68600 
3 35457 35401 35400 68601 
3 35457 35455 35454 68602 
3 35457 35454 35406 68603 
3 35437 35436 35241 68634 
3 35437 35241 35244 68635 
