3 40695 40689 40700 78026 
3 40695 40700 40698 78027 
3 40700 40703 40704 78030 
3 40700 40704 40698 78031 
3 40740 40744 40745 78076 
3 40740 40745 40746 78077 
3 40740 40746 40748 78080 
3 40740 40748 40741 78081 
3 40748 40751 40743 78084 
3 40748 40743 40741 78085 
3 40760 40762 40763 78112 
3 40760 40763 40709 78113 
3 40760 40745 40747 78114 
3 40760 40747 40762 78115 
3 40763 40704 40703 78156 
3 40763 40703 40709 78157 
3 40753 40676 40675 78162 
3 40753 40675 40743 78163 
3 40792 40797 40798 78202 
3 40792 40798 40793 78203 
3 40934 40931 40935 78340 
3 40934 40935 40936 78341 
3 40934 40939 40940 78344 
3 40934 40940 40937 78345 
3 40940 40943 40944 78348 
3 40940 40944 40937 78349 
3 40971 40968 40972 78382 
3 40971 40972 40973 78383 
3 40971 40973 40976 78386 
3 40971 40976 40974 78387 
3 40976 40979 40980 78390 
3 40976 40980 40974 78391 
3 41021 40967 41024 78454 
3 41021 41024 41025 78455 
3 41021 40972 40968 78456 
3 41021 40968 40967 78457 
3 41024 41026 41027 78458 
3 41024 41027 41025 78459 
3 41045 40930 41048 78496 
3 41045 41048 41046 78497 
3 41045 40935 40931 78498 
3 41045 40931 40930 78499 
3 41048 41049 41050 78500 
3 41048 41050 41046 78501 
3 41053 40909 41050 78626 
3 41053 41050 41049 78627 
3 41030 40944 40943 78652 
3 41030 40943 40949 78653 
3 41030 40949 41027 78654 
3 41030 41027 41026 78655 
3 41007 40980 40979 78680 
3 41007 40979 40985 78681 
3 41007 40985 41101 78682 
3 41007 41101 41004 78683 
3 41101 41102 41005 78686 
3 41101 41005 41004 78687 
3 41102 41106 40797 78696 
3 41102 40797 41005 78697 
