3 40659 40663 40664 77996 
3 40678 40679 40680 78008 
3 40678 40680 40681 78009 
3 40716 40713 40717 78046 
3 40716 40717 40718 78047 
3 40716 40718 40721 78050 
3 40716 40721 40722 78051 
3 40721 40726 40727 78054 
3 40721 40727 40722 78055 
3 40775 40712 40680 78138 
3 40775 40680 40679 78139 
3 40775 40774 40713 78140 
3 40775 40713 40712 78141 
3 40757 40727 40726 78158 
3 40757 40726 40733 78159 
3 40757 40778 40664 78160 
3 40757 40664 40666 78161 
3 40782 40788 40789 78192 
3 40782 40789 40783 78193 
3 40917 40920 40921 78324 
3 40951 40947 40952 78358 
3 40951 40952 40953 78359 
3 40951 40953 40956 78362 
3 40951 40956 40954 78363 
3 40956 40959 40960 78366 
3 40956 40960 40954 78367 
3 40986 40988 40989 78400 
3 40986 40989 40990 78401 
3 40986 40993 40994 78404 
3 40986 40994 40991 78405 
3 40994 40997 40998 78408 
3 40994 40998 40991 78409 
3 41011 40982 41015 78436 
3 41011 41015 41013 78437 
3 41011 40989 40983 78438 
3 41011 40983 40982 78439 
3 41015 41016 41017 78440 
3 41015 41017 41013 78441 
3 41034 40946 41037 78478 
3 41034 41037 41038 78479 
3 41034 40952 40947 78480 
3 41034 40947 40946 78481 
3 41037 41039 41040 78482 
3 41037 41040 41038 78483 
3 41044 40921 40923 78636 
3 41044 40923 40928 78637 
3 41044 40928 41040 78638 
3 41044 41040 41039 78639 
3 41020 40960 40959 78664 
3 41020 40959 40965 78665 
3 41020 40965 41017 78666 
3 41020 41017 41016 78667 
3 41000 40789 40787 78698 
3 41000 40787 40998 78699 
