3 35151 35155 35156 67962 
3 35151 35156 35141 67963 
3 35156 35155 35158 67966 
3 35156 35158 35159 67967 
3 35198 35200 35201 68012 
3 35198 35201 35202 68013 
3 35198 35197 35203 68016 
3 35198 35203 35200 68017 
3 35203 35197 35199 68020 
3 35203 35199 35206 68021 
3 35217 35164 35218 68048 
3 35217 35218 35219 68049 
3 35217 35219 35202 68050 
3 35217 35202 35201 68051 
3 35218 35164 35159 68092 
3 35218 35159 35158 68093 
3 35206 35199 35130 68098 
3 35247 35246 35251 68138 
3 35247 35251 35252 68139 
3 35375 35376 35377 68276 
3 35375 35377 35371 68277 
3 35375 35380 35381 68280 
3 35375 35381 35382 68281 
3 35381 35380 35385 68284 
3 35381 35385 35386 68285 
3 35413 35414 35415 68318 
3 35413 35415 35409 68319 
3 35413 35417 35418 68322 
3 35413 35418 35414 68323 
3 35418 35417 35421 68326 
3 35418 35421 35422 68327 
3 35459 35461 35462 68390 
3 35459 35462 35410 68391 
3 35459 35410 35409 68392 
3 35459 35409 35415 68393 
3 35462 35461 35463 68394 
3 35462 35463 35464 68395 
3 35480 35483 35484 68432 
3 35480 35484 35372 68433 
3 35480 35372 35371 68434 
3 35480 35371 35377 68435 
3 35466 35390 35386 68588 
3 35466 35386 35385 68589 
3 35466 35464 35463 68590 
3 35466 35463 35390 68591 
3 35444 35426 35422 68616 
3 35444 35422 35421 68617 
3 35444 35442 35536 68618 
3 35444 35536 35426 68619 
3 35536 35442 35441 68622 
3 35536 35441 35537 68623 
3 35537 35441 35252 68632 
3 35537 35252 35251 68633 
