3 38143 38148 38149 73448 
3 38143 38149 38150 73449 
3 38149 38151 38152 73450 
3 38149 38152 38150 73451 
3 38170 38173 38174 73492 
3 38170 38174 38171 73493 
3 38170 38152 38151 73494 
3 38170 38151 38173 73495 
3 38193 38195 38196 73534 
3 38193 38196 38194 73535 
3 38193 38171 38174 73536 
3 38193 38174 38195 73537 
3 38214 38199 38216 73576 
3 38214 38216 38215 73577 
3 38214 38194 38196 73578 
3 38214 38196 38199 73579 
3 38216 38217 38147 73580 
3 38216 38147 38215 73581 
3 38217 38133 38132 73586 
3 38217 38132 38147 73587 
3 38232 38234 38235 73634 
3 38232 38235 38233 73635 
3 38357 38354 38359 73772 
3 38357 38359 38360 73773 
3 38357 38360 38363 73776 
3 38357 38363 38361 73777 
3 38363 38366 38367 73780 
3 38363 38367 38361 73781 
3 38401 38397 38402 73814 
3 38401 38402 38403 73815 
3 38401 38403 38406 73818 
3 38401 38406 38404 73819 
3 38406 38409 38410 73822 
3 38406 38410 38404 73823 
3 38439 38443 38444 73888 
3 38439 38444 38441 73889 
3 38439 38402 38397 73890 
3 38439 38397 38396 73891 
3 38444 38445 38446 73892 
3 38444 38446 38441 73893 
3 38464 38353 38467 73930 
3 38464 38467 38465 73931 
3 38464 38359 38354 73932 
3 38464 38354 38353 73933 
3 38467 38468 38469 73934 
3 38467 38469 38465 73935 
3 38472 38330 38336 74131 
3 38472 38336 38469 74132 
3 38472 38469 38468 74133 
3 38450 38367 38369 74158 
3 38450 38369 38374 74159 
3 38450 38374 38446 74160 
3 38450 38446 38448 74161 
3 38428 38410 38409 74176 
3 38428 38409 38415 74177 
3 38428 38415 38235 74178 
3 38428 38235 38234 74179 
