3 38124 38126 38127 73431 
3 38157 38160 38161 73466 
3 38157 38161 38158 73467 
3 38157 38127 38126 73468 
3 38157 38126 38160 73469 
3 38181 38183 38184 73510 
3 38181 38184 38182 73511 
3 38181 38158 38161 73512 
3 38181 38161 38183 73513 
3 38203 38205 38206 73552 
3 38203 38206 38204 73553 
3 38203 38182 38184 73554 
3 38203 38184 38205 73555 
3 38218 38219 38221 73594 
3 38221 38219 38222 73596 
3 38221 38222 38209 73597 
3 38222 38204 38206 73606 
3 38222 38206 38209 73607 
3 38223 38224 38225 73622 
3 38223 38225 38226 73623 
3 38337 38339 38342 73752 
3 38337 38342 38340 73753 
3 38342 38345 38346 73756 
3 38342 38346 38340 73757 
3 38376 38372 38377 73790 
3 38376 38377 38378 73791 
3 38376 38378 38381 73794 
3 38376 38381 38382 73795 
3 38381 38386 38387 73798 
3 38381 38387 38382 73799 
3 38416 38413 38418 73832 
3 38416 38418 38419 73833 
3 38416 38421 38225 73836 
3 38416 38225 38224 73837 
3 38418 38413 38412 73846 
3 38418 38412 38422 73847 
3 38431 38433 38434 73872 
3 38431 38434 38432 73873 
3 38431 38422 38412 73874 
3 38431 38412 38433 73875 
3 38454 38371 38458 73912 
3 38454 38458 38456 73913 
3 38454 38377 38372 73914 
3 38454 38372 38371 73915 
3 38458 38459 38460 73916 
3 38458 38460 38456 73917 
3 38463 38346 38345 74142 
3 38463 38345 38351 74143 
3 38463 38545 38460 74144 
3 38463 38460 38459 74145 
3 38438 38387 38386 74170 
3 38438 38386 38393 74171 
3 38438 38551 38432 74172 
3 38438 38432 38434 74173 
