3 32637 32636 32638 63396 
3 32637 32638 32606 63397 
3 32637 32606 32605 63398 
3 32638 32636 32639 63400 
3 32638 32639 32640 63401 
3 32661 32663 32664 63442 
3 32661 32664 32665 63443 
3 32661 32666 32640 63444 
3 32661 32640 32639 63445 
3 32688 32689 32690 63484 
3 32688 32690 32691 63485 
3 32688 32691 32664 63486 
3 32688 32664 32663 63487 
3 32705 32706 32601 63526 
3 32709 32690 32687 63538 
3 32709 32687 32602 63539 
3 32709 32602 32601 63540 
3 32709 32601 32706 63541 
3 32822 32825 32826 63687 
3 32854 32855 32856 63720 
3 32854 32856 32850 63721 
3 32854 32859 32860 63724 
3 32854 32860 32861 63725 
3 32860 32859 32864 63728 
3 32860 32864 32865 63729 
3 32894 32895 32896 63762 
3 32894 32896 32890 63763 
3 32894 32898 32899 63766 
3 32894 32899 32895 63767 
3 32899 32898 32902 63770 
3 32899 32902 32714 63771 
3 32902 32715 32711 63778 
3 32902 32711 32714 63779 
3 32916 32917 32918 63812 
3 32916 32918 32891 63813 
3 32916 32891 32890 63814 
3 32916 32890 32896 63815 
3 32918 32917 32919 63816 
3 32918 32919 32920 63817 
3 32940 32942 32943 63854 
3 32940 32943 32851 63855 
3 32940 32851 32850 63856 
3 32940 32850 32856 63857 
3 32943 32942 32944 63858 
3 32943 32944 32945 63859 
3 32947 32831 32826 64074 
3 32947 32826 32825 64075 
3 32947 32945 32944 64076 
3 32947 32944 32831 64077 
3 32923 32869 32865 64102 
3 32923 32865 32864 64103 
3 32923 33027 32919 64104 
3 32923 32919 32869 64105 
