3 32625 32629 32630 63384 
3 32625 32630 32621 63385 
3 32630 32631 32632 63386 
3 32630 32632 32633 63387 
3 32654 32656 32657 63428 
3 32654 32657 32658 63429 
3 32654 32658 32633 63430 
3 32654 32633 32632 63431 
3 32679 32678 32680 63470 
3 32679 32680 32681 63471 
3 32679 32682 32657 63472 
3 32679 32657 32656 63473 
3 32702 32701 32703 63512 
3 32702 32703 32684 63513 
3 32702 32684 32680 63514 
3 32702 32680 32678 63515 
3 32703 32701 32627 63516 
3 32703 32627 32704 63517 
3 32704 32627 32613 63522 
3 32704 32613 32612 63523 
3 32720 32719 32722 63570 
3 32720 32722 32723 63571 
3 32844 32845 32846 63708 
3 32844 32846 32840 63709 
3 32844 32848 32849 63712 
3 32844 32849 32845 63713 
3 32849 32848 32852 63716 
3 32849 32852 32853 63717 
3 32883 32885 32886 63750 
3 32883 32886 32884 63751 
3 32883 32888 32889 63754 
3 32883 32889 32885 63755 
3 32889 32888 32892 63758 
3 32889 32892 32893 63759 
3 32921 32925 32926 63824 
3 32921 32926 32879 63825 
3 32921 32879 32884 63826 
3 32921 32884 32886 63827 
3 32926 32925 32927 63828 
3 32926 32927 32928 63829 
3 32946 32948 32949 63866 
3 32946 32949 32841 63867 
3 32946 32841 32840 63868 
3 32946 32840 32846 63869 
3 32949 32948 32950 63870 
3 32949 32950 32951 63871 
3 32953 32820 32816 64066 
3 32953 32951 32950 64068 
3 32953 32950 32820 64069 
3 32930 32857 32853 64094 
3 32930 32853 32852 64095 
3 32930 33026 32927 64096 
3 32930 32927 32857 64097 
3 32911 32897 32893 64112 
3 32911 32893 32892 64113 
3 32911 32723 32722 64114 
3 32911 32722 32897 64115 
