3 37169 37171 37172 71721 
3 37185 37187 37188 71744 
3 37185 37188 37186 71745 
3 37185 37172 37171 71746 
3 37185 37171 37189 71747 
3 37206 37208 37209 71780 
3 37206 37209 37207 71781 
3 37206 37186 37188 71782 
3 37206 37188 37208 71783 
3 37226 37227 37228 71816 
3 37226 37228 37225 71817 
3 37226 37207 37209 71818 
3 37226 37209 37227 71819 
3 37245 37247 37248 71852 
3 37245 37248 37246 71853 
3 37245 37225 37228 71854 
3 37245 37228 37247 71855 
3 37259 37252 37145 71888 
3 37259 37145 37260 71889 
3 37259 37246 37248 71890 
3 37259 37248 37252 71891 
3 37260 37145 37144 71894 
3 37260 37144 37166 71895 
3 37166 37144 37146 71906 
3 37166 37146 37157 71907 
3 37261 37262 37263 71908 
3 37417 37414 37418 72084 
3 37417 37418 37419 72085 
3 37417 37419 37422 72088 
3 37417 37422 37420 72089 
3 37422 37425 37426 72092 
3 37422 37426 37420 72093 
3 37456 37453 37457 72126 
3 37456 37457 37458 72127 
3 37456 37458 37461 72130 
3 37456 37461 37459 72131 
3 37461 37464 37465 72134 
3 37461 37465 37459 72135 
3 37464 37263 37262 72138 
3 37464 37262 37465 72139 
3 37483 37452 37486 72178 
3 37483 37486 37484 72179 
3 37483 37482 37453 72180 
3 37483 37453 37452 72181 
3 37486 37487 37488 72182 
3 37486 37488 37484 72183 
3 37506 37509 37510 72220 
3 37506 37510 37507 72221 
3 37506 37418 37414 72222 
3 37506 37414 37413 72223 
3 37510 37511 37512 72224 
3 37510 37512 37507 72225 
3 37516 37389 37388 72430 
3 37516 37388 37394 72431 
3 37516 37583 37512 72432 
3 37516 37512 37514 72433 
3 37492 37426 37428 72458 
3 37492 37428 37432 72459 
3 37492 37585 37488 72460 
3 37492 37488 37487 72461 
