3 37140 37141 37142 71690 
3 37140 37142 37143 71691 
3 37140 37143 37146 71694 
3 37158 37159 37160 71710 
3 37158 37160 37161 71711 
3 37190 37192 37193 71752 
3 37190 37193 37191 71753 
3 37190 37160 37159 71754 
3 37190 37159 37192 71755 
3 37210 37212 37213 71788 
3 37210 37213 37211 71789 
3 37210 37191 37193 71790 
3 37210 37193 37212 71791 
3 37231 37232 37233 71824 
3 37231 37233 37230 71825 
3 37231 37211 37213 71826 
3 37231 37213 37216 71827 
3 37233 37234 37235 71828 
3 37233 37235 37230 71829 
3 37250 37238 37253 71862 
3 37250 37253 37251 71863 
3 37250 37249 37234 71864 
3 37250 37234 37238 71865 
3 37253 37142 37141 71866 
3 37253 37141 37251 71867 
3 37267 37270 37271 71916 
3 37271 37270 37275 71920 
3 37271 37275 37273 71921 
3 37395 37399 37400 72062 
3 37395 37400 37396 72063 
3 37427 37424 37429 72096 
3 37427 37429 37430 72097 
3 37427 37430 37433 72100 
3 37427 37433 37431 72101 
3 37433 37436 37437 72104 
3 37433 37437 37431 72105 
3 37475 37463 37462 72162 
3 37475 37462 37476 72163 
3 37475 37273 37275 72164 
3 37475 37275 37463 72165 
3 37476 37462 37479 72168 
3 37476 37479 37477 72169 
3 37479 37480 37481 72170 
3 37479 37481 37477 72171 
3 37500 37423 37503 72208 
3 37500 37503 37501 72209 
3 37500 37429 37424 72210 
3 37500 37424 37423 72211 
3 37503 37504 37505 72212 
3 37503 37505 37501 72213 
3 37508 37400 37399 72438 
3 37508 37399 37405 72439 
3 37508 37405 37505 72440 
3 37508 37505 37504 72441 
3 37485 37437 37436 72466 
3 37485 37436 37443 72467 
3 37485 37443 37481 72468 
3 37485 37481 37480 72469 
