3 31676 31677 31678 61680 
3 31676 31678 31679 61681 
3 31676 31679 31662 61682 
3 31676 31662 31661 61683 
3 31697 31698 31699 61716 
3 31697 31699 31700 61717 
3 31697 31700 31678 61718 
3 31697 31678 31675 61719 
3 31719 31718 31720 61752 
3 31719 31720 31721 61753 
3 31719 31721 31699 61754 
3 31719 31699 31696 61755 
3 31739 31738 31740 61788 
3 31739 31740 31741 61789 
3 31739 31741 31720 61790 
3 31739 31720 31718 61791 
3 31753 31752 31636 61824 
3 31753 31636 31743 61825 
3 31753 31743 31740 61826 
3 31753 31740 31738 61827 
3 31752 31657 31637 61830 
3 31752 31637 31636 61831 
3 31657 31646 31638 61842 
3 31657 31638 31637 61843 
3 31755 31757 31758 61845 
3 31868 31870 31871 61978 
3 31868 31873 31874 61982 
3 31868 31874 31870 61983 
3 31874 31873 31877 61986 
3 31874 31877 31878 61987 
3 31908 31909 31910 62020 
3 31908 31910 31904 62021 
3 31908 31912 31913 62024 
3 31908 31913 31909 62025 
3 31913 31912 31916 62028 
3 31913 31916 31917 62029 
3 31943 31944 31945 62062 
3 31943 31945 31939 62063 
3 31943 31947 31948 62066 
3 31943 31948 31944 62067 
3 31948 31947 31951 62070 
3 31948 31951 31952 62071 
3 31952 31951 31758 62074 
3 31952 31758 31757 62075 
3 31969 31971 31972 62114 
3 31969 31972 31940 62115 
3 31969 31940 31939 62116 
3 31969 31939 31945 62117 
3 31972 31971 31973 62118 
3 31972 31973 31974 62119 
3 31990 31994 31995 62156 
3 31990 31995 31905 62157 
3 31990 31905 31904 62158 
3 31990 31904 31910 62159 
3 31995 31994 31996 62160 
3 31995 31996 31997 62161 
3 31999 31883 31878 62366 
3 31999 31878 31877 62367 
3 31999 32068 31996 62368 
3 31999 31996 31883 62369 
3 31976 31921 31917 62394 
3 31976 31917 31916 62395 
3 31976 31974 31973 62396 
3 31976 31973 31921 62397 
