3 31632 31633 31634 61626 
3 31632 31634 31635 61627 
3 31632 31638 31633 61631 
3 31649 31651 31652 61647 
3 31681 31680 31682 61688 
3 31681 31682 31683 61689 
3 31681 31683 31652 61690 
3 31681 31652 31651 61691 
3 31702 31703 31704 61724 
3 31702 31704 31705 61725 
3 31702 31705 31682 61726 
3 31702 31682 31680 61727 
3 31723 31722 31724 61760 
3 31723 31724 31708 61761 
3 31723 31708 31704 61762 
3 31723 31704 31701 61763 
3 31724 31722 31725 61764 
3 31724 31725 31726 61765 
3 31742 31744 31745 61798 
3 31742 31745 31729 61799 
3 31742 31729 31726 61800 
3 31742 31726 31725 61801 
3 31745 31744 31635 61802 
3 31745 31635 31634 61803 
3 31761 31764 31763 61853 
3 31764 31767 31768 61856 
3 31764 31768 31763 61857 
3 31879 31881 31882 61990 
3 31879 31882 31880 61991 
3 31879 31884 31885 61994 
3 31879 31885 31881 61995 
3 31885 31884 31888 61998 
3 31885 31888 31889 61999 
3 31918 31919 31920 62032 
3 31918 31920 31914 62033 
3 31918 31922 31923 62036 
3 31918 31923 31919 62037 
3 31923 31922 31926 62040 
3 31923 31926 31927 62041 
3 31961 31960 31950 62098 
3 31961 31950 31949 62099 
3 31961 31949 31768 62100 
3 31961 31768 31766 62101 
3 31960 31965 31966 62104 
3 31960 31966 31950 62105 
3 31966 31964 31967 62106 
3 31966 31967 31968 62107 
3 31984 31986 31987 62144 
3 31984 31987 31915 62145 
3 31984 31915 31914 62146 
3 31984 31914 31920 62147 
3 31987 31986 31988 62148 
3 31987 31988 31989 62149 
3 32009 31880 31882 62189 
3 31992 31895 31889 62374 
3 31992 31889 31888 62375 
3 31992 32069 31988 62376 
3 31992 31988 31895 62377 
3 31970 31931 31927 62402 
3 31970 31927 31926 62403 
3 31970 31968 31967 62404 
3 31970 31967 31931 62405 
