3 39896 39899 39900 76596 
3 39896 39900 39897 76597 
3 39896 39866 39865 76598 
3 39896 39865 39901 76599 
3 39921 39923 39924 76640 
3 39921 39924 39922 76641 
3 39921 39897 39900 76642 
3 39921 39900 39923 76643 
3 39948 39928 39949 76684 
3 39948 39949 39947 76685 
3 39948 39922 39924 76686 
3 39948 39924 39928 76687 
3 39949 39950 39951 76688 
3 39949 39951 39947 76689 
3 39970 39955 39973 76730 
3 39970 39973 39971 76731 
3 39970 39951 39953 76732 
3 39970 39953 39955 76733 
3 39973 39974 39975 76734 
3 39973 39975 39971 76735 
3 39993 39996 39997 76776 
3 39993 39997 39994 76777 
3 39993 39975 39974 76778 
3 39993 39974 39996 76779 
3 40017 40019 40020 76820 
3 40017 40020 40018 76821 
3 40017 39994 39997 76822 
3 40017 39997 40019 76823 
3 40043 40045 40046 76864 
3 40043 40046 40044 76865 
3 40043 40018 40020 76866 
3 40043 40020 40047 76867 
3 40067 40068 40069 76908 
3 40067 40069 39836 76909 
3 40067 40044 40046 76910 
3 40067 40046 40068 76911 
3 40085 39837 39836 76954 
3 40085 39836 40069 76955 
3 40085 39841 39837 76957 
3 40258 40259 40260 77153 
3 40258 40260 40263 77156 
3 40258 40263 40261 77157 
3 40263 40266 40267 77160 
3 40263 40267 40261 77161 
3 40295 40292 40296 77194 
3 40295 40296 40297 77195 
3 40295 40297 40300 77198 
3 40295 40300 40298 77199 
3 40300 40303 40304 77202 
3 40300 40304 40298 77203 
3 40335 40332 40336 77236 
3 40335 40336 40337 77237 
3 40335 40340 40341 77240 
3 40335 40341 40338 77241 
3 40341 40344 40345 77244 
3 40341 40345 40338 77245 
3 40367 40364 40350 77278 
3 40367 40350 40368 77279 
3 40367 40368 40097 77282 
3 40367 40097 40096 77283 
3 40364 40345 40344 77290 
3 40364 40344 40350 77291 
3 40374 40331 40375 77316 
3 40374 40375 40309 77317 
3 40374 40336 40332 77318 
3 40374 40332 40331 77319 
3 40375 40304 40303 77320 
3 40375 40303 40309 77321 
3 40383 40291 40384 77358 
3 40383 40384 40273 77359 
3 40383 40296 40292 77360 
3 40383 40292 40291 77361 
3 40384 40267 40266 77362 
3 40384 40266 40273 77363 
