3 39844 39849 39850 76528 
3 39844 39850 39845 76529 
3 39859 39873 39874 76552 
3 39859 39874 39871 76553 
3 39877 39874 39879 76560 
3 39877 39879 39878 76561 
3 39879 39881 39878 76565 
3 39885 39887 39888 76576 
3 39885 39888 39886 76577 
3 39885 39862 39861 76578 
3 39885 39861 39889 76579 
3 39913 39915 39916 76624 
3 39913 39916 39914 76625 
3 39913 39886 39888 76626 
3 39913 39888 39915 76627 
3 39938 39940 39941 76668 
3 39938 39941 39939 76669 
3 39938 39914 39916 76670 
3 39938 39916 39940 76671 
3 39962 39964 39965 76712 
3 39962 39965 39963 76713 
3 39962 39939 39941 76714 
3 39962 39941 39964 76715 
3 39984 39986 39987 76756 
3 39984 39987 39985 76757 
3 39984 39963 39965 76758 
3 39984 39965 39986 76759 
3 40007 40009 40010 76800 
3 40007 40010 40008 76801 
3 40007 39985 39987 76802 
3 40007 39987 40009 76803 
3 40032 40033 40034 76844 
3 40032 40034 40031 76845 
3 40032 40008 40010 76846 
3 40032 40010 40013 76847 
3 40034 40035 40036 76848 
3 40034 40036 40031 76849 
3 40056 40040 40059 76890 
3 40056 40059 40060 76891 
3 40056 40036 40038 76892 
3 40056 40038 40040 76893 
3 40059 40061 40062 76894 
3 40059 40062 40060 76895 
3 40080 40081 39850 76936 
3 40080 39850 39849 76937 
3 40080 40062 40061 76938 
3 40080 40061 40082 76939 
3 40086 40092 40093 76969 
3 40088 40098 40099 76976 
3 40088 40099 40089 76977 
3 40268 40271 40274 77168 
3 40268 40274 40272 77169 
3 40274 40271 40275 77170 
3 40274 40275 40276 77171 
3 40274 40277 40278 77172 
3 40274 40278 40272 77173 
3 40274 40276 40279 77174 
3 40274 40279 40277 77175 
3 40279 40276 40280 77176 
3 40279 40280 40281 77177 
3 40279 40282 40283 77178 
3 40279 40283 40277 77179 
3 40279 40284 40285 77180 
3 40279 40285 40282 77181 
3 40285 40288 40289 77184 
3 40285 40289 40282 77185 
3 40305 40306 40307 77207 
3 40305 40307 40310 77210 
3 40310 40314 40315 77214 
3 40317 40313 40318 77218 
3 40317 40318 40319 77219 
3 40317 40319 40322 77222 
3 40317 40322 40323 77223 
3 40322 40327 40328 77226 
3 40322 40328 40323 77227 
3 40346 40343 40347 77248 
3 40346 40347 40348 77249 
3 40346 40351 40352 77252 
3 40346 40352 40349 77253 
3 40352 40355 40356 77256 
3 40357 40354 40359 77260 
3 40357 40359 40360 77261 
3 40357 40360 40099 77264 
3 40357 40099 40098 77265 
3 40359 40354 40353 77268 
3 40359 40353 40361 77269 
3 40361 40353 40370 77294 
3 40361 40370 40334 77295 
3 40370 40328 40327 77296 
3 40370 40327 40334 77297 
3 40371 40372 40373 77304 
3 40371 40373 40321 77305 
3 40371 40347 40343 77306 
3 40373 40314 40321 77309 
3 40377 40312 40378 77334 
3 40377 40378 40294 77335 
3 40377 40318 40313 77336 
3 40377 40313 40312 77337 
3 40378 40289 40288 77338 
3 40378 40288 40294 77339 
3 40378 40307 40306 77343 
3 40380 40381 40282 77344 
3 40380 40382 40283 77347 
3 40380 40379 40302 77348 
3 40382 40277 40283 77351 
3 40386 40275 40387 77376 
3 40386 40280 40276 77378 
3 40386 40276 40275 77379 
3 40387 40275 40271 77384 
3 40387 40271 40270 77385 
3 40358 40100 40102 77540 
3 40358 40102 40356 77541 
3 40102 40100 40093 77544 
3 40102 40093 40092 77545 
3 40652 40484 40483 77948 
