3 34324 34326 34327 66481 
3 34354 34357 34358 66532 
3 34354 34358 34359 66533 
3 34354 34359 34327 66534 
3 34354 34327 34326 66535 
3 34383 34382 34384 66576 
3 34383 34384 34385 66577 
3 34383 34385 34358 66578 
3 34383 34358 34356 66579 
3 34406 34405 34407 66620 
3 34406 34407 34387 66621 
3 34406 34387 34384 66622 
3 34406 34384 34382 66623 
3 34407 34405 34408 66624 
3 34407 34408 34409 66625 
3 34428 34430 34431 66666 
3 34428 34431 34411 66667 
3 34428 34411 34409 66668 
3 34428 34409 34408 66669 
3 34431 34430 34432 66670 
3 34431 34432 34433 66671 
3 34452 34455 34456 66712 
3 34452 34456 34457 66713 
3 34452 34457 34433 66714 
3 34452 34433 34432 66715 
3 34480 34479 34481 66756 
3 34480 34481 34482 66757 
3 34480 34482 34456 66758 
3 34480 34456 34455 66759 
3 34505 34506 34507 66800 
3 34505 34507 34508 66801 
3 34505 34508 34481 66802 
3 34505 34481 34479 66803 
3 34529 34296 34530 66844 
3 34529 34530 34531 66845 
3 34529 34531 34507 66846 
3 34529 34507 34504 66847 
3 34546 34530 34296 66890 
3 34554 34556 34557 66909 
3 34710 34711 34712 67088 
3 34710 34712 34706 67089 
3 34710 34715 34716 67092 
3 34710 34716 34717 67093 
3 34716 34715 34720 67096 
3 34716 34720 34721 67097 
3 34747 34748 34749 67130 
3 34747 34749 34743 67131 
3 34747 34751 34752 67134 
3 34747 34752 34748 67135 
3 34752 34751 34755 67138 
3 34752 34755 34756 67139 
3 34783 34784 34785 67172 
3 34783 34785 34779 67173 
3 34783 34787 34788 67176 
3 34783 34788 34789 67177 
3 34788 34787 34792 67180 
3 34788 34792 34793 67181 
3 34812 34813 34797 67214 
3 34812 34797 34810 67215 
3 34812 34557 34556 67218 
3 34812 34556 34813 67219 
3 34810 34797 34793 67226 
3 34810 34793 34792 67227 
3 34821 34822 34823 67252 
3 34821 34823 34780 67253 
3 34821 34780 34779 67254 
3 34821 34779 34785 67255 
3 34823 34822 34756 67256 
3 34823 34756 34755 67257 
3 34833 34725 34834 67294 
3 34833 34834 34744 67295 
3 34833 34744 34743 67296 
3 34833 34743 34749 67297 
3 34834 34725 34721 67298 
3 34834 34721 34720 67299 
3 34841 34842 34707 67337 
3 34841 34707 34706 67338 
3 34841 34706 34712 67339 
