3 34303 34308 34309 66465 
3 34346 34345 34347 66512 
3 34346 34347 34348 66513 
3 34346 34348 34321 66514 
3 34346 34321 34323 66515 
3 34374 34373 34375 66560 
3 34374 34375 34376 66561 
3 34374 34376 34347 66562 
3 34374 34347 34345 66563 
3 34397 34398 34399 66604 
3 34397 34399 34400 66605 
3 34397 34400 34375 66606 
3 34397 34375 34373 66607 
3 34420 34419 34421 66648 
3 34420 34421 34422 66649 
3 34420 34422 34399 66650 
3 34420 34399 34396 66651 
3 34443 34442 34444 66692 
3 34443 34444 34445 66693 
3 34443 34445 34421 66694 
3 34443 34421 34419 66695 
3 34469 34468 34470 66736 
3 34469 34470 34471 66737 
3 34469 34471 34444 66738 
3 34469 34444 34442 66739 
3 34493 34494 34495 66780 
3 34493 34495 34473 66781 
3 34493 34473 34470 66782 
3 34493 34470 34468 66783 
3 34495 34494 34496 66784 
3 34495 34496 34497 66785 
3 34518 34520 34521 66826 
3 34518 34521 34499 66827 
3 34518 34522 34497 66828 
3 34518 34497 34496 66829 
3 34521 34520 34523 66830 
3 34521 34523 34524 66831 
3 34541 34543 34308 66872 
3 34541 34308 34544 66873 
3 34541 34544 34524 66874 
3 34541 34524 34523 66875 
3 34549 34548 34558 66912 
3 34549 34558 34559 66913 
3 34695 34699 34700 67074 
3 34695 34700 34696 67075 
3 34700 34699 34703 67078 
3 34700 34703 34704 67079 
3 34732 34733 34734 67112 
3 34732 34734 34728 67113 
3 34732 34736 34737 67116 
3 34732 34737 34733 67117 
3 34737 34736 34740 67120 
3 34737 34740 34741 67121 
3 34768 34769 34770 67154 
3 34768 34770 34763 67155 
3 34768 34772 34773 67158 
3 34768 34773 34769 67159 
3 34773 34772 34776 67162 
3 34773 34776 34777 67163 
3 34804 34805 34806 67196 
3 34804 34806 34800 67197 
3 34804 34559 34558 67200 
3 34804 34558 34805 67201 
3 34806 34808 34801 67204 
3 34806 34801 34800 67205 
3 34808 34781 34815 67230 
3 34808 34815 34801 67231 
3 34815 34816 34777 67232 
3 34815 34777 34776 67233 
3 34826 34745 34827 67270 
3 34826 34827 34764 67271 
3 34826 34828 34763 67272 
3 34826 34763 34770 67273 
3 34827 34745 34741 67274 
3 34827 34741 34740 67275 
3 34836 34708 34837 67312 
3 34836 34837 34729 67313 
3 34836 34729 34728 67314 
3 34836 34728 34734 67315 
3 34837 34708 34704 67316 
3 34837 34704 34703 67317 
