3 39318 39320 39321 75539 
3 39318 39321 39324 75542 
3 39318 39324 39322 75543 
3 39357 39361 39362 75582 
3 39381 39383 39384 75620 
3 39381 39384 39382 75621 
3 39381 39362 39361 75622 
3 39381 39361 39383 75623 
3 39384 39385 39386 75628 
3 39384 39386 39382 75629 
3 39403 39389 39406 75666 
3 39403 39406 39404 75667 
3 39403 39386 39385 75668 
3 39403 39385 39389 75669 
3 39406 39407 39408 75670 
3 39406 39408 39404 75671 
3 39425 39411 39428 75710 
3 39425 39428 39426 75711 
3 39425 39408 39407 75712 
3 39425 39407 39411 75713 
3 39428 39429 39430 75714 
3 39428 39430 39426 75715 
3 39447 39450 39451 75754 
3 39447 39451 39448 75755 
3 39447 39430 39429 75756 
3 39447 39429 39450 75757 
3 39469 39471 39472 75796 
3 39469 39472 39470 75797 
3 39469 39448 39451 75798 
3 39469 39451 39471 75799 
3 39492 39494 39495 75838 
3 39492 39495 39493 75839 
3 39492 39470 39472 75840 
3 39492 39472 39494 75841 
3 39520 39522 39523 75892 
3 39520 39523 39521 75893 
3 39520 39314 39524 75894 
3 39520 39524 39522 75895 
3 39524 39314 39313 75896 
3 39524 39313 39525 75897 
3 39525 39313 39312 75902 
3 39525 39312 39526 75903 
3 39526 39312 39493 75906 
3 39526 39493 39495 75907 
3 39523 39322 39324 75918 
3 39523 39324 39521 75919 
3 39684 39687 39688 76144 
3 39684 39688 39682 76145 
3 39715 39712 39716 76178 
3 39715 39716 39717 76179 
3 39715 39717 39720 76182 
3 39715 39720 39718 76183 
3 39720 39723 39724 76186 
3 39720 39724 39718 76187 
3 39752 39749 39753 76220 
3 39752 39753 39754 76221 
3 39752 39754 39757 76224 
3 39752 39757 39755 76225 
3 39757 39760 39761 76228 
3 39757 39761 39755 76229 
3 39781 39783 39766 76262 
3 39781 39766 39784 76263 
3 39781 39784 39785 76266 
3 39781 39785 39782 76267 
3 39785 39549 39548 76270 
3 39785 39548 39782 76271 
3 39783 39761 39760 76278 
3 39783 39760 39766 76279 
3 39795 39748 39796 76314 
3 39795 39796 39729 76315 
3 39795 39794 39749 76316 
3 39795 39749 39748 76317 
3 39796 39724 39723 76318 
3 39796 39723 39729 76319 
3 39802 39711 39803 76356 
3 39802 39803 39694 76357 
3 39802 39716 39712 76358 
3 39802 39712 39711 76359 
3 39803 39688 39687 76360 
3 39803 39687 39694 76361 
