3 33772 33773 33774 65474 
3 33772 33777 33778 65478 
3 33772 33778 33773 65479 
3 33837 33836 33838 65556 
3 33837 33838 33839 65557 
3 33837 33839 33817 65558 
3 33837 33817 33816 65559 
3 33838 33836 33840 65564 
3 33838 33840 33841 65565 
3 33858 33860 33861 65602 
3 33858 33861 33843 65603 
3 33858 33843 33841 65604 
3 33858 33841 33840 65605 
3 33861 33860 33862 65606 
3 33861 33862 33863 65607 
3 33880 33882 33883 65646 
3 33880 33883 33865 65647 
3 33880 33865 33863 65648 
3 33880 33863 33862 65649 
3 33883 33882 33884 65650 
3 33883 33884 33885 65651 
3 33902 33904 33905 65690 
3 33902 33905 33906 65691 
3 33902 33906 33885 65692 
3 33902 33885 33884 65693 
3 33926 33925 33927 65732 
3 33926 33927 33928 65733 
3 33926 33928 33905 65734 
3 33926 33905 33904 65735 
3 33948 33947 33949 65774 
3 33948 33949 33950 65775 
3 33948 33950 33927 65776 
3 33948 33927 33925 65777 
3 33977 33976 33978 65828 
3 33977 33978 33979 65829 
3 33977 33979 33980 65830 
3 33977 33980 33769 65831 
3 33980 33981 33765 65832 
3 33980 33765 33769 65833 
3 33981 33982 33766 65838 
3 33981 33766 33765 65839 
3 33982 33949 33947 65842 
3 33982 33947 33766 65843 
3 33978 33976 33778 65854 
3 33978 33778 33777 65855 
3 33999 34000 34002 65924 
3 33999 34002 34001 65925 
3 34141 34144 34145 66081 
3 34172 34173 34174 66114 
3 34172 34174 34168 66115 
3 34172 34176 34177 66118 
3 34172 34177 34173 66119 
3 34177 34176 34180 66122 
3 34177 34180 34181 66123 
3 34207 34208 34209 66156 
3 34207 34209 34203 66157 
3 34207 34211 34212 66160 
3 34207 34212 34208 66161 
3 34212 34211 34215 66164 
3 34212 34215 34216 66165 
3 34238 34239 34220 66198 
3 34238 34220 34240 66199 
3 34238 34237 34241 66202 
3 34238 34241 34239 66203 
3 34241 34237 34001 66206 
3 34241 34001 34002 66207 
3 34240 34220 34216 66214 
3 34240 34216 34215 66215 
3 34250 34185 34251 66250 
3 34250 34251 34204 66251 
3 34250 34252 34203 66252 
3 34250 34203 34209 66253 
3 34251 34185 34181 66254 
3 34251 34181 34180 66255 
3 34260 34149 34261 66292 
3 34260 34261 34169 66293 
3 34260 34169 34168 66294 
3 34260 34168 34174 66295 
3 34261 34149 34145 66296 
3 34261 34145 34144 66297 
