3 33764 33770 33771 65472 
3 33764 33771 33768 65473 
3 33785 33786 33787 65486 
3 33831 33830 33832 65544 
3 33831 33832 33833 65545 
3 33831 33833 33802 65546 
3 33831 33802 33807 65547 
3 33853 33852 33854 65588 
3 33853 33854 33855 65589 
3 33853 33855 33832 65590 
3 33853 33832 33830 65591 
3 33874 33873 33875 65630 
3 33874 33875 33876 65631 
3 33874 33876 33854 65632 
3 33874 33854 33852 65633 
3 33895 33894 33896 65672 
3 33895 33896 33878 65673 
3 33895 33878 33875 65674 
3 33895 33875 33873 65675 
3 33896 33894 33897 65676 
3 33896 33897 33898 65677 
3 33916 33918 33919 65716 
3 33916 33919 33900 65717 
3 33916 33900 33898 65718 
3 33916 33898 33897 65719 
3 33919 33918 33920 65720 
3 33919 33920 33921 65721 
3 33938 33941 33942 65760 
3 33938 33942 33923 65761 
3 33938 33923 33921 65762 
3 33938 33921 33920 65763 
3 33942 33941 33943 65764 
3 33942 33943 33944 65765 
3 33973 33972 33974 65820 
3 33973 33974 33975 65821 
3 33973 33975 33768 65822 
3 33973 33768 33771 65823 
3 33984 33974 33972 65858 
3 33984 33972 33985 65859 
3 33984 33985 33787 65860 
3 33984 33787 33786 65861 
3 33986 33944 33943 65878 
3 33986 33943 33782 65879 
3 33986 33782 33781 65880 
3 33986 33781 33987 65881 
3 33781 33758 33987 65899 
3 33991 33990 33996 65916 
3 33991 33996 33997 65917 
3 34157 34158 34159 66096 
3 34157 34159 34153 66097 
3 34157 34161 34162 66100 
3 34157 34162 34158 66101 
3 34162 34161 34165 66104 
3 34162 34165 34166 66105 
3 34192 34193 34194 66138 
3 34192 34194 34188 66139 
3 34192 34196 34197 66142 
3 34192 34197 34193 66143 
3 34197 34196 34200 66146 
3 34197 34200 34201 66147 
3 34228 34229 34230 66180 
3 34228 34230 34224 66181 
3 34228 34232 34233 66184 
3 34228 34233 34229 66185 
3 34233 34232 33997 66188 
3 34233 33997 33996 66189 
3 34245 34205 34246 66226 
3 34245 34246 34225 66227 
3 34245 34247 34224 66228 
3 34245 34224 34230 66229 
3 34246 34205 34201 66230 
3 34246 34201 34200 66231 
3 34255 34170 34257 66268 
3 34255 34257 34189 66269 
3 34255 34189 34188 66270 
3 34255 34188 34194 66271 
3 34257 34170 34166 66272 
3 34257 34166 34165 66273 
3 34263 34134 34264 66310 
3 34263 34264 34154 66311 
3 34263 34265 34153 66312 
3 34263 34153 34159 66313 
