3 39310 39315 39316 75536 
3 39310 39316 39317 75537 
3 39331 39333 39334 75551 
3 39375 39377 39378 75608 
3 39375 39378 39376 75609 
3 39375 39352 39349 75610 
3 39375 39349 39377 75611 
3 39397 39399 39400 75652 
3 39397 39400 39398 75653 
3 39397 39376 39378 75654 
3 39397 39378 39399 75655 
3 39418 39420 39421 75694 
3 39418 39421 39419 75695 
3 39418 39398 39400 75696 
3 39418 39400 39420 75697 
3 39439 39424 39441 75736 
3 39439 39441 39440 75737 
3 39439 39419 39421 75738 
3 39439 39421 39424 75739 
3 39441 39442 39443 75740 
3 39441 39443 39440 75741 
3 39460 39446 39463 75780 
3 39460 39463 39461 75781 
3 39460 39443 39442 75782 
3 39460 39442 39446 75783 
3 39463 39464 39465 75784 
3 39463 39465 39461 75785 
3 39483 39468 39487 75824 
3 39483 39487 39485 75825 
3 39483 39465 39464 75826 
3 39483 39464 39468 75827 
3 39487 39491 39488 75831 
3 39516 39518 39519 75884 
3 39516 39519 39517 75885 
3 39516 39316 39315 75886 
3 39516 39315 39518 75887 
3 39528 39529 39517 75922 
3 39528 39517 39519 75923 
3 39528 39334 39333 75924 
3 39528 39333 39529 75925 
3 39491 39311 39531 75940 
3 39491 39531 39488 75941 
3 39531 39311 39310 75946 
3 39531 39310 39532 75947 
3 39532 39535 39317 75972 
3 39538 39543 39544 75980 
3 39538 39544 39539 75981 
3 39700 39697 39701 76160 
3 39700 39701 39702 76161 
3 39700 39702 39705 76164 
3 39700 39705 39703 76165 
3 39705 39708 39709 76168 
3 39705 39709 39703 76169 
3 39737 39733 39738 76202 
3 39737 39738 39739 76203 
3 39737 39739 39742 76206 
3 39737 39742 39740 76207 
3 39742 39745 39746 76210 
3 39742 39746 39740 76211 
3 39772 39769 39773 76244 
3 39772 39773 39774 76245 
3 39772 39774 39777 76248 
3 39772 39777 39775 76249 
3 39777 39544 39543 76252 
3 39777 39543 39775 76253 
3 39789 39768 39791 76290 
3 39789 39791 39751 76291 
3 39789 39773 39769 76292 
3 39789 39769 39768 76293 
3 39791 39746 39745 76294 
3 39791 39745 39751 76295 
3 39798 39732 39799 76332 
3 39798 39799 39714 76333 
3 39798 39738 39733 76334 
3 39798 39733 39732 76335 
3 39799 39709 39708 76336 
3 39799 39708 39714 76337 
3 39805 39696 39806 76374 
3 39805 39701 39697 76376 
3 39805 39697 39696 76377 
