3 34099 34104 34105 67934 
3 34144 34145 34146 67976 
3 34144 34146 34140 67977 
3 34144 34148 34149 67980 
3 34144 34149 34145 67981 
3 34149 34148 34152 67984 
3 34149 34152 34153 67985 
3 34181 34182 34157 68030 
3 34181 34157 34183 68031 
3 34181 34105 34104 68034 
3 34181 34104 34182 68035 
3 34183 34157 34153 68036 
3 34183 34153 34152 68037 
3 34146 34117 34141 68106 
3 34146 34141 34140 68107 
3 34141 34117 34116 68108 
3 34141 34116 34129 68109 
3 34198 34202 34203 68126 
3 34198 34203 34199 68127 
3 34368 34369 34370 68330 
3 34368 34370 34364 68331 
3 34368 34372 34373 68334 
3 34368 34373 34369 68335 
3 34373 34372 34376 68338 
3 34373 34376 34377 68339 
3 34466 34381 34377 68626 
3 34466 34377 34376 68627 
3 34466 34203 34202 68630 
3 34466 34202 34381 68631 
