3 39205 39199 39209 78026 
3 39205 39209 39207 78027 
3 39209 39211 39212 78030 
3 39209 39212 39207 78031 
3 39244 39247 39248 78076 
3 39244 39248 39249 78077 
3 39244 39249 39250 78080 
3 39244 39250 39245 78081 
3 39250 39253 39246 78084 
3 39250 39246 39245 78085 
3 39259 39260 39261 78112 
3 39259 39261 39217 78113 
3 39259 39248 39247 78114 
3 39259 39247 39260 78115 
3 39261 39212 39211 78156 
3 39261 39211 39217 78157 
3 39253 39187 39246 78163 
3 39281 39284 39285 78202 
3 39281 39285 39282 78203 
3 39327 39329 39332 78260 
3 39327 39332 39330 78261 
3 39332 39335 39336 78264 
3 39332 39336 39330 78265 
3 39362 39359 39363 78298 
3 39362 39363 39364 78299 
3 39362 39364 39367 78302 
3 39362 39367 39365 78303 
3 39367 39370 39371 78306 
3 39367 39371 39365 78307 
3 39387 39384 39388 78328 
3 39387 39388 39389 78329 
3 39387 39389 39392 78332 
3 39387 39392 39390 78333 
3 39397 39394 39398 78340 
3 39397 39398 39399 78341 
3 39397 39399 39402 78344 
3 39397 39402 39400 78345 
3 39402 39405 39406 78348 
3 39402 39406 39400 78349 
3 39432 39429 39433 78382 
3 39432 39433 39434 78383 
3 39432 39434 39437 78386 
3 39432 39437 39435 78387 
3 39437 39440 39441 78390 
3 39437 39441 39435 78391 
3 39476 39428 39479 78454 
3 39476 39479 39477 78455 
3 39476 39433 39429 78456 
3 39476 39429 39428 78457 
3 39479 39480 39481 78458 
3 39479 39481 39477 78459 
3 39497 39393 39500 78496 
3 39497 39500 39498 78497 
3 39497 39398 39394 78498 
3 39497 39394 39393 78499 
3 39500 39501 39502 78500 
3 39500 39502 39498 78501 
3 39518 39358 39521 78538 
3 39518 39521 39519 78539 
3 39518 39363 39359 78540 
3 39518 39359 39358 78541 
3 39521 39522 39523 78542 
3 39521 39523 39519 78543 
3 39526 39336 39335 78596 
3 39526 39335 39341 78597 
3 39526 39341 39523 78598 
3 39526 39523 39522 78599 
3 39505 39371 39370 78624 
3 39505 39370 39376 78625 
3 39505 39376 39502 78626 
3 39505 39502 39501 78627 
3 39484 39406 39405 78652 
3 39484 39405 39411 78653 
3 39484 39411 39481 78654 
3 39484 39481 39480 78655 
3 39463 39441 39440 78680 
3 39463 39440 39446 78681 
3 39463 39446 39538 78682 
3 39463 39538 39460 78683 
3 39538 39539 39461 78686 
3 39538 39461 39460 78687 
3 39539 39285 39284 78696 
3 39539 39284 39461 78697 
