3 39173 39179 39177 77999 
3 39218 39215 39219 78040 
3 39218 39219 39220 78041 
3 39218 39220 39223 78044 
3 39218 39223 39221 78045 
3 39223 39226 39227 78048 
3 39223 39227 39221 78049 
3 39255 39256 39232 78094 
3 39255 39232 39257 78095 
3 39255 39257 39177 78098 
3 39255 39177 39179 78099 
3 39256 39227 39226 78100 
3 39256 39226 39232 78101 
3 39219 39215 39214 78170 
3 39219 39214 39191 78171 
3 39214 39202 39192 78172 
3 39214 39192 39191 78173 
3 39272 39275 39276 78190 
3 39272 39276 39277 78191 
3 39337 39334 39338 78268 
3 39337 39338 39339 78269 
3 39337 39339 39342 78272 
3 39337 39342 39340 78273 
3 39342 39345 39346 78276 
3 39342 39346 39340 78277 
3 39372 39369 39373 78310 
3 39372 39373 39374 78311 
3 39372 39374 39377 78314 
3 39372 39377 39375 78315 
3 39377 39380 39381 78318 
3 39377 39381 39375 78319 
3 39407 39404 39408 78352 
3 39407 39408 39409 78353 
3 39407 39409 39412 78356 
3 39407 39412 39410 78357 
3 39412 39415 39416 78360 
3 39412 39416 39410 78361 
3 39442 39439 39443 78394 
3 39442 39443 39444 78395 
3 39442 39444 39447 78398 
3 39442 39447 39445 78399 
3 39447 39450 39451 78402 
3 39447 39451 39445 78403 
3 39470 39438 39473 78442 
3 39470 39473 39471 78443 
3 39470 39443 39439 78444 
3 39470 39439 39438 78445 
3 39473 39474 39475 78446 
3 39473 39475 39471 78447 
3 39491 39403 39494 78484 
3 39491 39494 39492 78485 
3 39491 39408 39404 78486 
3 39491 39404 39403 78487 
3 39494 39495 39496 78488 
3 39494 39496 39492 78489 
3 39512 39368 39515 78526 
3 39512 39515 39513 78527 
3 39512 39373 39369 78528 
3 39512 39369 39368 78529 
3 39515 39516 39517 78530 
3 39515 39517 39513 78531 
3 39533 39333 39536 78568 
3 39533 39536 39534 78569 
3 39533 39338 39334 78570 
3 39533 39334 39333 78571 
3 39536 39307 39537 78572 
3 39536 39537 39534 78573 
3 39537 39307 39306 78580 
3 39537 39306 39312 78581 
3 39520 39346 39345 78604 
3 39520 39345 39351 78605 
3 39520 39351 39517 78606 
3 39520 39517 39516 78607 
3 39499 39381 39380 78632 
3 39499 39380 39386 78633 
3 39499 39386 39496 78634 
3 39499 39496 39495 78635 
3 39478 39416 39415 78660 
3 39478 39415 39421 78661 
3 39478 39421 39475 78662 
3 39478 39475 39474 78663 
3 39540 39451 39450 78690 
3 39540 39450 39456 78691 
3 39540 39456 39277 78694 
3 39540 39277 39276 78695 
