3 32487 32489 32490 64690 
3 32487 32490 32491 64691 
3 32487 32491 32483 64692 
3 32487 32483 32482 64693 
3 32516 32515 32517 64746 
3 32516 32517 32518 64747 
3 32516 32518 32490 64748 
3 32516 32490 32489 64749 
3 32541 32540 32542 64796 
3 32541 32542 32543 64797 
3 32541 32543 32517 64798 
3 32541 32517 32515 64799 
3 32542 32540 32463 64804 
3 32559 32558 32564 64868 
3 32559 32564 32565 64869 
3 32665 32666 32667 64998 
3 32665 32667 32661 64999 
3 32665 32669 32670 65002 
3 32665 32670 32666 65003 
3 32670 32669 32673 65006 
3 32670 32673 32674 65007 
3 32710 32711 32712 65052 
3 32710 32712 32706 65053 
3 32710 32714 32715 65056 
3 32710 32715 32711 65057 
3 32715 32714 32718 65060 
3 32715 32718 32719 65061 
3 32737 32739 32740 65100 
3 32737 32740 32707 65101 
3 32737 32707 32706 65102 
3 32737 32706 32712 65103 
3 32740 32739 32741 65104 
3 32740 32741 32742 65105 
3 32835 32836 32678 65334 
3 32835 32678 32834 65335 
3 32835 32744 32837 65338 
3 32835 32837 32836 65339 
3 32837 32744 32742 65342 
3 32837 32742 32741 65343 
3 32834 32678 32674 65408 
3 32834 32674 32673 65409 
3 32719 32718 32565 65446 
3 32719 32565 32564 65447 
