3 32446 32453 32454 64656 
3 32446 32454 32447 64657 
3 32500 32499 32501 64712 
3 32500 32501 32502 64713 
3 32500 32502 32472 64714 
3 32500 32472 32471 64715 
3 32527 32526 32528 64768 
3 32527 32528 32529 64769 
3 32527 32529 32501 64770 
3 32527 32501 32499 64771 
3 32547 32548 32448 64826 
3 32547 32448 32546 64827 
3 32547 32528 32526 64830 
3 32547 32526 32548 64831 
3 32546 32448 32447 64840 
3 32546 32447 32454 64841 
3 32550 32551 32552 64856 
3 32550 32552 32553 64857 
3 32690 32689 32693 65030 
3 32690 32693 32694 65031 
3 32725 32726 32727 65076 
3 32725 32727 32728 65077 
3 32725 32553 32552 65080 
3 32725 32552 32726 65081 
3 32728 32727 32729 65082 
3 32728 32729 32730 65083 
3 32843 32844 32698 65358 
3 32843 32698 32842 65359 
3 32843 32732 32845 65362 
3 32843 32845 32844 65363 
3 32845 32732 32730 65366 
3 32845 32730 32729 65367 
3 32842 32698 32694 65400 
3 32842 32694 32693 65401 
