3 34131 34134 34135 67962 
3 34131 34135 34123 67963 
3 34135 34134 34137 67966 
3 34135 34137 34138 67967 
3 34171 34173 34174 68012 
3 34171 34174 34175 68013 
3 34171 34170 34176 68016 
3 34171 34176 34173 68017 
3 34176 34170 34172 68020 
3 34176 34172 34179 68021 
3 34185 34142 34186 68048 
3 34185 34186 34187 68049 
3 34185 34187 34175 68050 
3 34185 34175 34174 68051 
3 34186 34142 34138 68092 
3 34186 34138 34137 68093 
3 34179 34172 34114 68098 
3 34179 34114 34113 68099 
3 34207 34206 34210 68138 
3 34207 34210 34211 68139 
3 34358 34359 34360 68318 
3 34358 34360 34354 68319 
3 34358 34362 34363 68322 
3 34358 34363 34359 68323 
3 34363 34362 34366 68326 
3 34363 34366 34367 68327 
3 34402 34354 34360 68393 
3 34388 34371 34367 68616 
3 34388 34367 34366 68617 
3 34388 34386 34464 68618 
3 34388 34464 34371 68619 
3 34464 34386 34385 68622 
3 34464 34385 34465 68623 
3 34465 34385 34211 68632 
3 34465 34211 34210 68633 
